0 0.390625 0.646484375 0.008855670538501791 0.008855670538501791
0 0.517578125 0.4453125 0.00511720381793273 0.00511720381793273
0 0.5 0.099609375 0.0002469053260645022 0.0002469053260645022
0 0.62109375 0.73046875 0.00201805108944156 0.00201805108944156
0 0.623046875 0.21875 0.01176638935147144 0.01176638935147144
0 0.609375 0.755859375 0.016647870257983543 0.016647870257983543
0 0.853515625 0.173828125 0.01647495053269663 0.01647495053269663
0 0.943359375 0.927734375 0.011874592699719012 0.011874592699719012
0 0.67578125 0.583984375 0.0024322657685395743 0.0024322657685395743
0 0.822265625 0.259765625 0.0028124981663807088 0.0028124981663807088
0 0.02734375 0.884765625 0.0046575785741667895 0.0046575785741667895
0 0.1875 0.970703125 0.01091803743202929 0.01091803743202929
0 0.8828125 0.0078125 0.005049130756836381 0.005049130756836381
0 0.23828125 0.412109375 0.01527370886098522 0.01527370886098522
0 0.5859375 0.19140625 0.007031108842772353 0.007031108842772353
0 0.341796875 0.572265625 0.011554130979254233 0.011554130979254233
0 0.59765625 0.09375 0.004274190470704927 0.004274190470704927
0 0.62109375 0.70703125 0.00017538099356841216 0.00017538099356841216
0 0.7109375 0.30078125 0.009133205474792145 0.009133205474792145
0 0.01171875 0.70703125 0.011073348768642265 0.011073348768642265
