0 0.064453125 0.517578125 0.005050285478532886 0.005050285478532886
0 0.974609375 0.72265625 0.015023522530781019 0.015023522530781019
0 0.3984375 0.16796875 0.007866342605337858 0.007866342605337858
0 0.005859375 0.716796875 0.016338213185310254 0.016338213185310254
0 0.484375 0.115234375 0.016500539258397905 0.016500539258397905
0 0.83984375 0.22265625 0.0034072438287791203 0.0034072438287791203
0 0.482421875 0.263671875 0.009609238218656106 0.009609238218656106
0 0.17578125 0.2109375 0.017464256459512023 0.017464256459512023
0 0.458984375 0.7109375 0.01628700712265133 0.01628700712265133
0 0.125 0.390625 0.014749139725904888 0.014749139725904888
0 0.0234375 0.19921875 0.012850289369417369 0.012850289369417369
0 0.236328125 0.291015625 0.01723043314141784 0.01723043314141784
0 0.38671875 0.130859375 0.0067744189062748685 0.0067744189062748685
0 0.197265625 0.7109375 0.0040948044784628705 0.0040948044784628705
0 0.134765625 0.51171875 0.00928683535604942 0.00928683535604942
0 0.33203125 0.18359375 0.010089994264375205 0.010089994264375205
0 0.521484375 0.912109375 0.010536973889582673 0.010536973889582673
0 0.787109375 0.134765625 0.007463199303293926 0.007463199303293926
0 0.095703125 0.84765625 0.005664763552799599 0.005664763552799599
0 0.509765625 0.9140625 0.01202725670382726 0.01202725670382726
