0 0.3671875 0.650390625 0.011207575989609822 0.011207575989609822
0 0.916015625 0.521484375 0.010574836125362903 0.010574836125362903
0 0.939453125 0.384765625 0.005714149842655147 0.005714149842655147
0 0.20703125 0.10546875 0.014129619374029938 0.014129619374029938
0 0.396484375 0.470703125 0.0006779538174322042 0.0006779538174322042
0 0.134765625 0.080078125 0.013751940632556768 0.013751940632556768
0 0.455078125 0.455078125 0.017240840409837324 0.017240840409837324
0 0.357421875 0.95703125 0.007622331613538105 0.007622331613538105
0 0.4921875 0.177734375 0.01290589198761991 0.01290589198761991
0 0.255859375 0.90625 0.005475060565886196 0.005475060565886196
0 0.53125 0.48046875 0.014157848882488284 0.014157848882488284
0 0.447265625 0.228515625 0.005693018314979752 0.005693018314979752
0 0.275390625 0.330078125 0.006734357805393595 0.006734357805393595
0 0.806640625 0.591796875 0.013826318848538037 0.013826318848538037
0 0.36328125 0.28125 0.0004464957129359697 0.0004464957129359697
0 0.970703125 0.478515625 0.009056917594558905 0.009056917594558905
0 0.732421875 0.3828125 0.0069574462117405565 0.0069574462117405565
0 0.12109375 0.0859375 0.010691237630049925 0.010691237630049925
0 0.80859375 0.888671875 0.011253061372293184 0.011253061372293184
0 0.01953125 0.818359375 0.01774047106010301 0.01774047106010301
