0 0.697265625 0.50390625 0.003176956528571078 0.003176956528571078
0 0.56640625 0.130859375 0.019448362170320324 0.019448362170320324
0 0.48828125 0.294921875 0.018446378420531165 0.018446378420531165
0 0.0546875 0.568359375 0.018827047954918318 0.018827047954918318
0 0.72265625 0.05078125 0.001676025978267757 0.001676025978267757
0 0.056640625 0.240234375 0.009482335252333949 0.009482335252333949
0 0.806640625 0.2265625 0.011316231035083286 0.011316231035083286
0 0.59375 0.109375 0.005878552925501908 0.005878552925501908
0 0.892578125 0.271484375 0.016520016712136352 0.016520016712136352
0 0.322265625 0.287109375 0.007685559828685734 0.007685559828685734
0 0.654296875 0.04296875 0.0030713869603633923 0.0030713869603633923
0 0.70703125 0.578125 0.010131911148444625 0.010131911148444625
0 0.94921875 0.939453125 0.009913849263628129 0.009913849263628129
0 0.96484375 0.1640625 0.018069326006974768 0.018069326006974768
0 0.814453125 0.990234375 0.012293005633667226 0.012293005633667226
0 0.318359375 0.625 0.014581795645582539 0.014581795645582539
0 0.62890625 0.79296875 0.00010369696040932012 0.00010369696040932012
0 0.123046875 0.142578125 0.0006685259406746628 0.0006685259406746628
0 0.8984375 0.09375 0.017650868547215492 0.017650868547215492
0 0.06640625 0.0703125 0.016997528952824158 0.016997528952824158
