0 0.107421875 0.8515625 0.017964918710906937 0.017964918710906937
0 0.787109375 0.572265625 0.007387326887412931 0.007387326887412931
0 0.806640625 0.880859375 0.011467015151943621 0.011467015151943621
0 0.431640625 0.796875 0.0015868870311967352 0.0015868870311967352
0 0.85546875 0.99609375 0.0117423899538536 0.0117423899538536
0 0.83984375 0.615234375 0.003203778588605436 0.003203778588605436
0 0.708984375 0.01953125 0.0019579510201749007 0.0019579510201749007
0 0.98046875 0.873046875 0.011209175426332976 0.011209175426332976
0 0.375 0.892578125 0.015347497265886802 0.015347497265886802
0 0.42578125 0.427734375 0.011606487696813226 0.011606487696813226
0 0.419921875 0.19140625 0.012677611159106154 0.012677611159106154
0 0.931640625 0.125 0.010226721802414802 0.010226721802414802
0 0.7265625 0.33203125 0.009850909489830289 0.009850909489830289
0 0.591796875 0.40625 0.0008715983481187638 0.0008715983481187638
0 0.271484375 0.130859375 0.00032920522758512127 0.00032920522758512127
0 0.9453125 0.859375 0.01818032214332899 0.01818032214332899
0 0.89453125 0.19921875 0.016349829272648983 0.016349829272648983
0 0.373046875 0.80078125 0.0009293031309354346 0.0009293031309354346
0 0.888671875 0.134765625 0.008802059037720685 0.008802059037720685
0 0.07421875 0.763671875 0.008528109062619567 0.008528109062619567
