0 0.255859375 0.013671875 0.0011832522787920234 0.0011832522787920234
0 0.8671875 0.40625 0.018248439605511375 0.018248439605511375
0 0.2578125 0.07421875 0.014238084412077573 0.014238084412077573
0 0.189453125 0.15234375 0.00436170008695636 0.00436170008695636
0 0.57421875 0.466796875 0.011250663636313014 0.011250663636313014
0 0.20703125 0.93359375 0.006199745602138708 0.006199745602138708
0 0.775390625 0.498046875 0.01574146031746958 0.01574146031746958
0 0.419921875 0.86328125 0.015109394181351916 0.015109394181351916
0 0.28125 0.08203125 0.004560248042391623 0.004560248042391623
0 0.74609375 0.822265625 0.006977039554078685 0.006977039554078685
0 0.142578125 0.66796875 0.014977986660819148 0.014977986660819148
0 0.28125 0.703125 0.007033345673861283 0.007033345673861283
0 0.78125 0.421875 0.00690004110808926 0.00690004110808926
0 0.60546875 0.912109375 0.005077359497163366 0.005077359497163366
0 0.70703125 0.34375 0.015989853267972545 0.015989853267972545
0 0.29296875 0.283203125 0.0035555550767790082 0.0035555550767790082
0 0.490234375 0.64453125 0.005292508877725341 0.005292508877725341
0 0.943359375 0.90234375 0.015560137322330882 0.015560137322330882
0 0.4453125 0.205078125 0.007994187035369766 0.007994187035369766
0 0.857421875 0.68359375 0.004101138609679529 0.004101138609679529
