0 0.451171875 0.1484375 0.0005072147980552701 0.0005072147980552701
0 0.966796875 0.607421875 0.018904147843420656 0.018904147843420656
0 0.17578125 0.162109375 0.009248529450131441 0.009248529450131441
0 0.49609375 0.53515625 0.0013727536277083298 0.0013727536277083298
0 0.0234375 0.61328125 0.005317665973292949 0.005317665973292949
0 0.484375 0.57421875 0.00220054468863729 0.00220054468863729
0 0.26171875 1.0 0.012582490433360315 0.012582490433360315
0 0.3125 0.37890625 0.012049667266645945 0.012049667266645945
0 0.1484375 0.810546875 0.014973761214673451 0.014973761214673451
0 0.771484375 0.244140625 0.016697375307777217 0.016697375307777217
0 0.171875 0.375 0.0020492948872847584 0.0020492948872847584
0 0.498046875 0.572265625 0.010044684917052342 0.010044684917052342
0 0.400390625 0.24609375 0.00024683167756076345 0.00024683167756076345
0 0.958984375 0.556640625 0.0014300449455181851 0.0014300449455181851
0 0.146484375 0.28515625 0.015253948241448921 0.015253948241448921
0 0.291015625 0.275390625 0.018212528278374784 0.018212528278374784
0 0.33984375 0.94921875 0.017455927364529868 0.017455927364529868
0 0.896484375 0.44921875 0.006216019875969398 0.006216019875969398
0 0.958984375 0.4453125 0.006217147526755283 0.006217147526755283
0 0.91015625 0.173828125 0.009835546358599939 0.009835546358599939
