0 0.78125 0.7421875 0.010535939206815784 0.010535939206815784
0 0.99609375 0.908203125 0.01659379671851877 0.01659379671851877
0 0.365234375 0.109375 0.018756269181040945 0.018756269181040945
0 0.3828125 0.615234375 0.016302926228829385 0.016302926228829385
0 0.7890625 0.09765625 0.011743907394218229 0.011743907394218229
0 0.625 0.619140625 0.004107154511686022 0.004107154511686022
0 0.564453125 0.208984375 0.003605503965060442 0.003605503965060442
0 0.716796875 0.92578125 0.0018275814873377626 0.0018275814873377626
0 0.36328125 0.65234375 0.0008359798591066727 0.0008359798591066727
0 0.517578125 0.787109375 0.008624619520853718 0.008624619520853718
0 0.630859375 0.6953125 0.006888032803419389 0.006888032803419389
0 0.30078125 0.216796875 0.018094105955627725 0.018094105955627725
0 0.177734375 0.40234375 0.0031718252208143 0.0031718252208143
0 0.041015625 0.23046875 0.001156295133826102 0.001156295133826102
0 0.3359375 0.53125 0.015955788025198422 0.015955788025198422
0 0.248046875 0.015625 0.0017071720757236741 0.0017071720757236741
0 0.271484375 0.5703125 0.0008595134347089356 0.0008595134347089356
0 0.2421875 0.71484375 0.017874144299931824 0.017874144299931824
0 0.068359375 0.140625 0.016167332626378775 0.016167332626378775
0 0.7421875 0.173828125 0.011473763842683594 0.011473763842683594
