0 0.48046875 0.974609375 0.01857263237137189 0.01857263237137189
0 0.8828125 0.634765625 0.00769358772011907 0.00769358772011907
0 0.412109375 0.880859375 0.010669726373902653 0.010669726373902653
0 0.623046875 0.59375 0.013345714993503765 0.013345714993503765
0 0.92578125 0.748046875 0.012251631719081377 0.012251631719081377
0 0.65234375 0.724609375 0.00831843055503255 0.00831843055503255
0 0.521484375 0.501953125 0.0028320003790747376 0.0028320003790747376
0 0.587890625 0.908203125 0.005148255341108385 0.005148255341108385
0 0.19921875 0.34765625 0.014739456184507168 0.014739456184507168
0 0.86328125 0.798828125 0.005624920500639128 0.005624920500639128
0 0.8515625 0.45703125 0.01748079928237209 0.01748079928237209
0 0.951171875 0.0078125 0.017422238660251974 0.017422238660251974
0 0.857421875 0.962890625 0.014160200705272491 0.014160200705272491
0 0.54296875 0.83203125 0.014848497648078005 0.014848497648078005
0 0.18359375 0.087890625 0.01495231122893896 0.01495231122893896
0 0.431640625 0.482421875 0.0033754407284996386 0.0033754407284996386
0 0.08984375 0.84765625 0.01564612986038568 0.01564612986038568
0 0.5546875 0.826171875 4.1833941616343726e-05 4.1833941616343726e-05
0 0.27734375 0.439453125 0.004373388178514925 0.004373388178514925
0 0.611328125 0.736328125 0.013850183607800316 0.013850183607800316
