0 0.416015625 0.9765625 0.01022264295435539 0.01022264295435539
0 0.490234375 0.333984375 0.00960917179052706 0.00960917179052706
0 0.318359375 0.171875 0.018269744543843898 0.018269744543843898
0 0.849609375 0.71875 0.014840323395018498 0.014840323395018498
0 0.658203125 0.126953125 0.013434459241185207 0.013434459241185207
0 0.822265625 0.845703125 0.005743419943547302 0.005743419943547302
0 0.392578125 0.826171875 0.007146717239355737 0.007146717239355737
0 0.607421875 0.5703125 0.015907468730965355 0.015907468730965355
0 0.291015625 0.146484375 0.011715402609063588 0.011715402609063588
0 0.37890625 0.5625 0.014229150850148234 0.014229150850148234
0 0.240234375 0.119140625 0.017527022704568206 0.017527022704568206
0 0.078125 0.46484375 0.005261307983213462 0.005261307983213462
0 0.720703125 0.140625 0.013533047720483674 0.013533047720483674
0 0.46484375 0.22265625 0.0005940913661917069 0.0005940913661917069
0 0.91015625 0.349609375 0.00026566849178770056 0.00026566849178770056
0 0.8046875 0.150390625 0.01552242599671381 0.01552242599671381
0 0.4453125 0.302734375 0.004712241266286936 0.004712241266286936
0 0.923828125 0.0625 0.0007932891539303246 0.0007932891539303246
0 0.125 0.9921875 0.006040654875902406 0.006040654875902406
0 0.21484375 0.27734375 0.003348962102057973 0.003348962102057973
