0 0.916015625 0.7578125 0.013304694251138284 0.013304694251138284
0 0.138671875 0.154296875 0.0072493331920365145 0.0072493331920365145
0 0.904296875 0.720703125 0.011882399192991961 0.011882399192991961
0 0.43359375 0.45703125 0.008954710015588271 0.008954710015588271
0 0.873046875 0.107421875 0.014754945803444582 0.014754945803444582
0 0.46484375 0.00390625 0.016476158397902882 0.016476158397902882
0 0.24609375 0.90625 0.01753089445817247 0.01753089445817247
0 0.244140625 0.775390625 0.0004776738358704233 0.0004776738358704233
0 0.205078125 0.01953125 0.004571698447550141 0.004571698447550141
0 0.1640625 0.595703125 0.003333133697357997 0.003333133697357997
0 0.796875 0.080078125 0.006513346592063984 0.006513346592063984
0 0.875 0.666015625 0.0029201288403861566 0.0029201288403861566
0 0.267578125 0.056640625 0.017154625224493073 0.017154625224493073
0 0.177734375 0.33984375 0.0004989758615838542 0.0004989758615838542
0 0.130859375 0.8046875 0.004557634312276728 0.004557634312276728
0 0.087890625 0.642578125 0.0035461164407960596 0.0035461164407960596
0 0.0 0.251953125 0.003693641343588557 0.003693641343588557
0 0.85546875 0.6015625 0.013852058005889085 0.013852058005889085
0 0.48828125 0.826171875 0.015265930849971939 0.015265930849971939
0 0.126953125 0.365234375 0.007686427173881322 0.007686427173881322
