0 0.953125 0.11328125 0.01926299058955809 0.01926299058955809
0 0.435546875 0.22265625 0.003326761186762397 0.003326761186762397
0 0.783203125 0.970703125 0.006264514415215042 0.006264514415215042
0 0.07421875 0.3359375 0.017690673765815075 0.017690673765815075
0 0.046875 0.4140625 0.013876308919541846 0.013876308919541846
0 0.92578125 0.07421875 0.016266337221239515 0.016266337221239515
0 0.14453125 0.474609375 7.632720467829965e-05 7.632720467829965e-05
0 0.96875 0.744140625 0.018308352234372008 0.018308352234372008
0 0.041015625 0.169921875 0.006066160758104214 0.006066160758104214
0 0.822265625 0.53125 0.005404714062215491 0.005404714062215491
0 0.71875 0.265625 0.015213878056442112 0.015213878056442112
0 0.5234375 0.125 0.0006804353156764694 0.0006804353156764694
0 0.255859375 0.5703125 0.015899806083559495 0.015899806083559495
0 0.857421875 0.861328125 0.01620754762181885 0.01620754762181885
0 0.701171875 0.736328125 0.005642010135379367 0.005642010135379367
0 0.111328125 0.58203125 0.013842576531656225 0.013842576531656225
0 0.677734375 0.94140625 0.019318754187049425 0.019318754187049425
0 0.728515625 0.509765625 0.0100302935714033 0.0100302935714033
0 0.802734375 0.099609375 0.013966965383927785 0.013966965383927785
0 0.505859375 0.669921875 0.015346017503760925 0.015346017503760925
