0 0.68359375 0.12109375 0.018031899792174372 0.018031899792174372
0 0.560546875 0.623046875 0.01800538706946956 0.01800538706946956
0 0.154296875 0.564453125 0.007480069820578368 0.007480069820578368
0 0.603515625 0.6484375 0.0017777108317205428 0.0017777108317205428
0 0.361328125 0.291015625 0.006244230612609072 0.006244230612609072
0 0.28515625 0.09765625 0.008481751626978338 0.008481751626978338
0 0.9609375 0.52734375 0.013862286716014858 0.013862286716014858
0 0.470703125 0.126953125 0.0029809605886907116 0.0029809605886907116
0 0.267578125 0.12890625 0.01309598110187291 0.01309598110187291
0 0.87109375 0.896484375 0.018107475226651043 0.018107475226651043
0 0.0859375 0.876953125 0.014462693129022649 0.014462693129022649
0 0.361328125 0.07421875 0.012989796370699847 0.012989796370699847
0 0.4375 0.73828125 0.010246852015063793 0.010246852015063793
0 0.310546875 0.310546875 0.017921515035552244 0.017921515035552244
0 0.57421875 0.306640625 0.018579984112905623 0.018579984112905623
0 0.033203125 0.248046875 0.004064393560268545 0.004064393560268545
0 0.392578125 0.33984375 0.002750996831772125 0.002750996831772125
0 0.224609375 0.55078125 0.017459558389958135 0.017459558389958135
0 0.984375 0.623046875 0.014995378459903076 0.014995378459903076
0 0.796875 0.431640625 0.007227815362883552 0.007227815362883552
