0 0.38671875 0.85546875 0.008200551721584229 0.008200551721584229
0 0.990234375 0.501953125 0.005512657813142958 0.005512657813142958
0 0.017578125 0.515625 0.01209741549602521 0.01209741549602521
0 0.80078125 0.310546875 0.015910073657916277 0.015910073657916277
0 0.875 0.23828125 0.012122141859986023 0.012122141859986023
0 0.7109375 0.34375 0.019058441614436993 0.019058441614436993
0 0.03515625 0.763671875 0.008031071771756146 0.008031071771756146
0 0.61328125 0.828125 0.012706579946546908 0.012706579946546908
0 0.7421875 0.455078125 0.009527017528356925 0.009527017528356925
0 0.998046875 0.548828125 0.0014462854184986375 0.0014462854184986375
0 0.09375 0.083984375 0.002048184365448678 0.002048184365448678
0 0.19140625 0.65625 0.012702707535835864 0.012702707535835864
0 0.880859375 0.259765625 0.016908587351393264 0.016908587351393264
0 0.314453125 0.62109375 0.008909282161454642 0.008909282161454642
0 0.93359375 0.646484375 0.017978631260952355 0.017978631260952355
0 0.66796875 0.0078125 0.01237846491979434 0.01237846491979434
0 0.28515625 0.953125 0.014737009086858651 0.014737009086858651
0 0.716796875 0.068359375 0.004961917689632121 0.004961917689632121
0 0.302734375 0.875 0.007616778437421531 0.007616778437421531
0 0.107421875 0.53125 0.012570547987794993 0.012570547987794993
