0 0.904296875 0.845703125 0.01839925863375179 0.01839925863375179
0 0.103515625 0.71875 0.01879792644818644 0.01879792644818644
0 0.490234375 0.404296875 0.017181548985532154 0.017181548985532154
0 0.25390625 0.81640625 0.002977020186977037 0.002977020186977037
0 0.353515625 0.60546875 0.00743407252448897 0.00743407252448897
0 0.02734375 0.533203125 0.016449376373678 0.016449376373678
0 0.361328125 0.623046875 0.01576218963569143 0.01576218963569143
0 0.765625 0.998046875 0.017561875332307752 0.017561875332307752
0 0.1484375 0.9296875 0.009133897540792512 0.009133897540792512
0 0.712890625 0.6953125 0.004325142964014738 0.004325142964014738
0 0.189453125 0.23828125 0.01724279184684716 0.01724279184684716
0 0.953125 0.255859375 0.008484711548346131 0.008484711548346131
0 0.82421875 0.859375 0.01765625447908019 0.01765625447908019
0 0.9453125 0.638671875 0.010452564090501663 0.010452564090501663
0 0.84375 0.8125 0.008776549748525394 0.008776549748525394
0 0.4765625 0.1796875 0.011623083623824415 0.011623083623824415
0 0.859375 0.349609375 0.0012981007899765169 0.0012981007899765169
0 0.6796875 0.63671875 0.018725670657487856 0.018725670657487856
0 0.203125 0.52734375 0.015704855909530628 0.015704855909530628
0 0.212890625 0.251953125 0.013018662995366852 0.013018662995366852
