0 0.595703125 0.763671875 0.014969354827226026 0.014969354827226026
0 0.212890625 0.97265625 0.014342036089766589 0.014342036089766589
0 0.216796875 0.52734375 0.0026051425940429264 0.0026051425940429264
0 0.94140625 0.56640625 0.00027469614443767585 0.00027469614443767585
0 0.951171875 0.91796875 0.002524845774674251 0.002524845774674251
0 0.70703125 0.7265625 0.0036620512256807514 0.0036620512256807514
0 0.896484375 0.654296875 0.002071869619305099 0.002071869619305099
0 0.9453125 0.65625 0.0046271154171715154 0.0046271154171715154
0 0.86328125 0.91015625 0.003077686983375637 0.003077686983375637
0 0.37109375 0.755859375 0.01951902586241249 0.01951902586241249
0 0.013671875 0.537109375 0.007667532296684039 0.007667532296684039
0 0.458984375 0.28125 0.004743246329314732 0.004743246329314732
0 0.0234375 0.607421875 0.0090066808406447 0.0090066808406447
0 0.88671875 0.091796875 0.008633913651752928 0.008633913651752928
0 0.05078125 0.8984375 0.009271345909579138 0.009271345909579138
0 0.404296875 0.109375 0.002905349970891756 0.002905349970891756
0 0.099609375 0.521484375 0.017337683231686652 0.017337683231686652
0 0.65625 0.021484375 0.009266993030060865 0.009266993030060865
0 0.470703125 0.955078125 0.002210463891544347 0.002210463891544347
0 0.60546875 0.37890625 0.0008140266185990559 0.0008140266185990559
