0 0.26953125 0.89453125 0.004480540333238832 0.004480540333238832
0 0.57421875 0.28515625 0.012900269836815213 0.012900269836815213
0 0.515625 0.09375 0.011708338713824857 0.011708338713824857
0 0.537109375 0.958984375 0.014532920734737519 0.014532920734737519
0 0.556640625 0.365234375 0.00517799035684793 0.00517799035684793
0 0.341796875 0.44921875 0.00969368680116034 0.00969368680116034
0 0.666015625 0.5546875 0.001282063810830441 0.001282063810830441
0 0.1640625 0.482421875 0.01357809910667667 0.01357809910667667
0 0.08984375 0.22265625 0.01575181415665656 0.01575181415665656
0 0.494140625 0.650390625 0.0011592541582423183 0.0011592541582423183
0 0.55859375 0.34765625 0.01437206703166334 0.01437206703166334
0 0.267578125 0.052734375 0.003058580569281757 0.003058580569281757
0 0.556640625 0.306640625 0.019335263484398194 0.019335263484398194
0 0.861328125 0.693359375 0.007349194651364393 0.007349194651364393
0 0.85546875 0.599609375 0.00652206020336821 0.00652206020336821
0 0.220703125 0.05078125 0.0055202828272372636 0.0055202828272372636
0 0.40625 0.107421875 0.014822461973448234 0.014822461973448234
0 0.203125 0.994140625 0.005317709080124161 0.005317709080124161
0 0.244140625 0.205078125 0.017021353560225164 0.017021353560225164
0 0.6484375 0.328125 0.0017301958204883486 0.0017301958204883486
