0 0.4765625 0.66015625 0.0008768655641931472 0.0008768655641931472
0 0.5390625 0.353515625 0.01679687697262232 0.01679687697262232
0 0.419921875 0.125 0.01507704769676551 0.01507704769676551
0 0.9375 0.529296875 0.003912816391527926 0.003912816391527926
0 0.001953125 0.658203125 0.004863626270249764 0.004863626270249764
0 0.955078125 0.3515625 0.0036803179388572474 0.0036803179388572474
0 0.9296875 0.45703125 0.013229046534739622 0.013229046534739622
0 0.453125 0.517578125 0.012828530686259106 0.012828530686259106
0 0.30859375 0.93359375 0.014787244510425589 0.014787244510425589
0 0.849609375 0.970703125 0.004381749121771052 0.004381749121771052
0 0.91015625 0.57421875 0.004050149274114526 0.004050149274114526
0 0.771484375 0.7421875 0.007200420698590273 0.007200420698590273
0 0.744140625 0.2890625 0.0048099549402141305 0.0048099549402141305
0 0.447265625 0.7265625 0.011589190364855197 0.011589190364855197
0 0.62890625 0.423828125 0.013876827879202646 0.013876827879202646
0 0.818359375 0.412109375 0.014446896530074978 0.014446896530074978
0 0.3046875 0.982421875 0.015298987134559346 0.015298987134559346
0 0.650390625 0.1484375 0.008393074418124261 0.008393074418124261
0 0.712890625 0.408203125 0.013589169332577629 0.013589169332577629
0 0.232421875 0.525390625 0.018214998554377502 0.018214998554377502
