0 0.337890625 0.4296875 0.005603221417927106 0.005603221417927106
0 0.052734375 0.115234375 0.011725736201298699 0.011725736201298699
0 0.34375 0.908203125 0.01690857471171435 0.01690857471171435
0 0.4140625 0.658203125 0.019242254796865976 0.019242254796865976
0 0.921875 0.33984375 0.01672598632270671 0.01672598632270671
0 0.533203125 0.072265625 0.009613039087794288 0.009613039087794288
0 0.330078125 0.138671875 0.010158843693320346 0.010158843693320346
0 0.08984375 0.783203125 0.011682746598941907 0.011682746598941907
0 0.759765625 0.560546875 0.017568450985470045 0.017568450985470045
0 0.271484375 0.2421875 0.0008133616163911203 0.0008133616163911203
0 0.94140625 0.2578125 0.013294440114479993 0.013294440114479993
0 0.0546875 0.05859375 0.012741488803922875 0.012741488803922875
0 0.892578125 0.482421875 0.0001853483954941215 0.0001853483954941215
0 0.52734375 0.912109375 0.011787287629669956 0.011787287629669956
0 0.259765625 0.703125 0.0024660160541165065 0.0024660160541165065
0 0.158203125 0.65234375 0.01823319714973551 0.01823319714973551
0 0.271484375 0.978515625 0.001753588127617182 0.001753588127617182
0 0.63671875 0.94140625 0.010420179145083102 0.010420179145083102
0 0.73046875 0.78125 0.01566855845407877 0.01566855845407877
0 0.08203125 0.923828125 0.010609948757623243 0.010609948757623243
