0 0.818359375 0.716796875 0.009601841658201653 0.009601841658201653
0 0.23828125 0.96875 0.008737159225046667 0.008737159225046667
0 0.9375 0.673828125 0.007069550893640101 0.007069550893640101
0 0.87109375 0.517578125 0.0034631998481205926 0.0034631998481205926
0 0.734375 0.169921875 0.017815958827939602 0.017815958827939602
0 0.904296875 0.84765625 0.013818644216597809 0.013818644216597809
0 0.62109375 0.443359375 0.008475571400506116 0.008475571400506116
0 0.732421875 0.576171875 0.014314914508211776 0.014314914508211776
0 0.91796875 0.39453125 0.008482983462182132 0.008482983462182132
0 0.80078125 0.431640625 0.0008681719522601731 0.0008681719522601731
0 0.1484375 0.912109375 0.00024689585239148857 0.00024689585239148857
0 0.171875 0.615234375 0.011146676621043322 0.011146676621043322
0 0.9921875 0.6875 0.009534907976375769 0.009534907976375769
0 0.181640625 0.072265625 0.012796925926964403 0.012796925926964403
0 0.810546875 0.08203125 0.004957213176179035 0.004957213176179035
0 0.44140625 0.544921875 0.016349091711992 0.016349091711992
0 0.38671875 0.13671875 0.008763042828756227 0.008763042828756227
0 0.28125 0.4375 0.017359449521692067 0.017359449521692067
0 0.248046875 0.203125 0.01459182468886305 0.01459182468886305
0 0.171875 0.37890625 0.010646462515147583 0.010646462515147583
