0 0.474609375 0.939453125 0.0003435159509410698 0.0003435159509410698
0 0.21875 0.2421875 0.008265855043063378 0.008265855043063378
0 0.12890625 0.673828125 0.0035346076925133504 0.0035346076925133504
0 0.55078125 0.142578125 0.001629051400320765 0.001629051400320765
0 0.154296875 0.384765625 0.005118363279454034 0.005118363279454034
0 0.232421875 0.93359375 0.0007947227948039469 0.0007947227948039469
0 0.673828125 0.615234375 0.01802598560699975 0.01802598560699975
0 0.953125 0.935546875 0.010168187751541772 0.010168187751541772
0 0.9609375 0.1640625 0.018682669887298695 0.018682669887298695
0 0.25 0.619140625 0.010209248177021268 0.010209248177021268
0 0.451171875 0.39453125 0.0149094543673403 0.0149094543673403
0 0.759765625 0.6875 0.018138446912472954 0.018138446912472954
0 0.654296875 0.533203125 0.015087841397565065 0.015087841397565065
0 0.068359375 0.130859375 0.0003217614871986658 0.0003217614871986658
0 0.634765625 0.875 0.013541502339871166 0.013541502339871166
0 0.11328125 0.234375 0.008294803124545861 0.008294803124545861
0 0.658203125 0.1953125 0.004840385032050601 0.004840385032050601
0 1.0 0.1015625 0.005460546484209029 0.005460546484209029
0 0.923828125 0.013671875 0.008286123062889148 0.008286123062889148
0 0.392578125 0.427734375 0.01042697007120756 0.01042697007120756
