0 0.712890625 0.251953125 0.01257174034666296 0.01257174034666296
0 0.298828125 0.275390625 0.019057468865662695 0.019057468865662695
0 0.79296875 0.587890625 0.015959574340443577 0.015959574340443577
0 0.708984375 0.578125 0.005676517408914287 0.005676517408914287
0 0.236328125 0.279296875 0.00507480375051223 0.00507480375051223
0 0.921875 0.517578125 0.012588252264991015 0.012588252264991015
0 0.2734375 0.87109375 0.003125372457772088 0.003125372457772088
0 0.2578125 0.001953125 0.0016832086874745832 0.0016832086874745832
0 0.4609375 0.3515625 0.01942651219289689 0.01942651219289689
0 0.48828125 0.533203125 0.015158944766514573 0.015158944766514573
0 0.291015625 0.828125 0.0036863559532631577 0.0036863559532631577
0 0.451171875 0.708984375 0.013738839251511308 0.013738839251511308
0 0.01171875 0.734375 0.0017288147053826823 0.0017288147053826823
0 0.94921875 0.8671875 0.012703682148777203 0.012703682148777203
0 0.833984375 0.134765625 0.015959856329496563 0.015959856329496563
0 0.064453125 0.505859375 0.006295348363914417 0.006295348363914417
0 0.001953125 0.9765625 0.009321663044954262 0.009321663044954262
0 0.908203125 0.267578125 0.013448529687877365 0.013448529687877365
0 0.4375 0.6484375 0.013353621600100861 0.013353621600100861
0 0.935546875 0.376953125 4.767496485740246e-06 4.767496485740246e-06
