0 0.583984375 0.8046875 0.012142433363926902 0.012142433363926902
0 0.724609375 0.544921875 0.0077428410509057105 0.0077428410509057105
0 0.04296875 0.939453125 0.004907413892008123 0.004907413892008123
0 0.376953125 0.828125 0.014326888144740662 0.014326888144740662
0 0.158203125 0.38671875 0.01420095968815817 0.01420095968815817
0 0.87890625 0.037109375 0.010852985332721426 0.010852985332721426
0 0.626953125 0.005859375 0.005519783837425038 0.005519783837425038
0 0.541015625 0.7109375 0.012250406108251831 0.012250406108251831
0 0.970703125 0.640625 0.004549530012149627 0.004549530012149627
0 0.384765625 0.099609375 0.010397582311963017 0.010397582311963017
0 0.1171875 0.326171875 0.012159038832424716 0.012159038832424716
0 0.673828125 0.455078125 0.011460109173721564 0.011460109173721564
0 0.923828125 0.990234375 0.011991776066614687 0.011991776066614687
0 0.146484375 0.0234375 0.010250216818587229 0.010250216818587229
0 0.87890625 0.50390625 0.012872121635175426 0.012872121635175426
0 0.080078125 0.037109375 0.007358500025647836 0.007358500025647836
0 0.69140625 0.486328125 0.01643642806432858 0.01643642806432858
0 0.57421875 0.578125 0.011410685728205763 0.011410685728205763
0 0.49609375 0.0625 0.007321561875545607 0.007321561875545607
0 0.63671875 0.5546875 0.00994289618706471 0.00994289618706471
