0 0.16015625 0.556640625 0.0014090557290099485 0.0014090557290099485
0 0.0546875 0.57421875 0.01853844301482752 0.01853844301482752
0 0.478515625 0.125 0.01511440196850003 0.01511440196850003
0 0.40234375 0.498046875 0.00920745953420965 0.00920745953420965
0 0.41796875 0.380859375 0.0074437621339344655 0.0074437621339344655
0 0.25390625 0.99609375 0.013977077077862037 0.013977077077862037
0 0.61328125 0.15625 0.009792620528576657 0.009792620528576657
0 0.43359375 0.78515625 0.010728524922422903 0.010728524922422903
0 0.16015625 0.908203125 0.004930914231751238 0.004930914231751238
0 0.576171875 0.810546875 0.018012881867692062 0.018012881867692062
0 0.759765625 0.1640625 0.011049754150537657 0.011049754150537657
0 0.537109375 0.25 0.01727259683803894 0.01727259683803894
0 0.435546875 0.232421875 0.01486507055924462 0.01486507055924462
0 0.107421875 0.47265625 0.006344230698360112 0.006344230698360112
0 0.314453125 0.037109375 0.014926713960756857 0.014926713960756857
0 0.9296875 0.513671875 0.00444705103791963 0.00444705103791963
0 0.666015625 0.099609375 0.012042857864352026 0.012042857864352026
0 0.345703125 0.32421875 0.005696416885175365 0.005696416885175365
0 0.75 0.13671875 0.01230406950316676 0.01230406950316676
0 0.078125 0.556640625 0.00019547490393706946 0.00019547490393706946
