0 0.9140625 0.27734375 0.004349607203983073 0.004349607203983073
0 0.7578125 0.080078125 0.016888986732543517 0.016888986732543517
0 0.99609375 0.8984375 0.00550603694981368 0.00550603694981368
0 0.478515625 0.53125 0.018274503324862322 0.018274503324862322
0 0.984375 0.197265625 0.006208255703201685 0.006208255703201685
0 0.982421875 0.15234375 0.015647190264974107 0.015647190264974107
0 0.9765625 0.6328125 0.015300106572738056 0.015300106572738056
0 0.0546875 0.919921875 0.016395356939693382 0.016395356939693382
0 0.017578125 0.296875 0.01637370179733976 0.01637370179733976
0 0.759765625 0.52734375 0.014959415172170275 0.014959415172170275
0 0.8046875 0.091796875 0.009018602496154262 0.009018602496154262
0 0.57421875 0.93359375 0.002466168284394727 0.002466168284394727
0 0.7265625 0.544921875 0.011134899039663144 0.011134899039663144
0 0.197265625 0.54296875 0.010806243917018326 0.010806243917018326
0 0.853515625 0.2734375 0.009737707032659304 0.009737707032659304
0 1.0 0.8359375 0.018124790444689017 0.018124790444689017
0 0.6328125 0.263671875 0.01386956556830405 0.01386956556830405
0 0.974609375 0.814453125 0.01712392141667137 0.01712392141667137
0 0.708984375 0.56640625 0.0012167578705487951 0.0012167578705487951
0 0.916015625 0.529296875 0.017502188777048466 0.017502188777048466
