0 0.279296875 0.611328125 0.004084517179658489 0.004084517179658489
0 0.572265625 0.0078125 0.002758369895679135 0.002758369895679135
0 0.984375 0.75390625 0.008868147709827658 0.008868147709827658
0 0.322265625 0.845703125 0.018197750933891622 0.018197750933891622
0 0.876953125 0.732421875 0.00368174557298942 0.00368174557298942
0 0.470703125 0.359375 2.367162586275253e-06 2.367162586275253e-06
0 0.759765625 0.63671875 0.0030271212961431376 0.0030271212961431376
0 0.458984375 0.216796875 0.007048414414693059 0.007048414414693059
0 0.12109375 0.205078125 0.014399377109695917 0.014399377109695917
0 0.560546875 0.69921875 0.015550579302445789 0.015550579302445789
0 0.455078125 0.908203125 0.003994925430436348 0.003994925430436348
0 0.291015625 0.1796875 0.00717644312112768 0.00717644312112768
0 0.87890625 0.60546875 0.01504618820521125 0.01504618820521125
0 0.37109375 0.623046875 0.015965952058788056 0.015965952058788056
0 0.3828125 0.91796875 0.009350815610702865 0.009350815610702865
0 0.9765625 0.79296875 0.002776509449610796 0.002776509449610796
0 0.220703125 0.423828125 0.0024945253489245633 0.0024945253489245633
0 0.625 0.208984375 0.002621272795362841 0.002621272795362841
0 0.33203125 0.060546875 0.016653817115043885 0.016653817115043885
0 0.46484375 0.701171875 0.01805191934538818 0.01805191934538818
