0 0.68359375 0.916015625 0.01484323361919178 0.01484323361919178
0 0.5234375 0.76953125 0.01142499300649297 0.01142499300649297
0 0.50390625 0.322265625 0.008874479322839295 0.008874479322839295
0 0.619140625 0.419921875 0.006815775635247083 0.006815775635247083
0 0.28125 0.01953125 0.004397680367638428 0.004397680367638428
0 0.8671875 0.81640625 0.0005993348068803676 0.0005993348068803676
0 0.990234375 0.462890625 0.014100646447267929 0.014100646447267929
0 0.71484375 0.84765625 0.0032573405832419166 0.0032573405832419166
0 0.62890625 0.90625 0.012736848719899939 0.012736848719899939
0 0.62109375 0.076171875 0.0005838898191025572 0.0005838898191025572
0 0.5234375 0.98828125 0.005686907053361492 0.005686907053361492
0 0.365234375 0.12890625 0.0012733286100691764 0.0012733286100691764
0 0.505859375 0.8125 0.00578219255014171 0.00578219255014171
0 0.2734375 0.4765625 0.01094590774275277 0.01094590774275277
0 0.447265625 0.6640625 8.838175276569896e-05 8.838175276569896e-05
0 0.64453125 0.451171875 0.0029960846616480428 0.0029960846616480428
0 0.55859375 0.857421875 0.001608031075709111 0.001608031075709111
0 0.021484375 0.982421875 0.018070753704426595 0.018070753704426595
0 0.73046875 0.685546875 0.01791020378326916 0.01791020378326916
0 0.25 0.7109375 0.009034024871093761 0.009034024871093761
