0 0.3046875 0.4296875 0.01153771300778681 0.01153771300778681
0 0.98828125 0.5078125 0.009842730492760566 0.009842730492760566
0 0.009765625 0.705078125 0.01405688570773822 0.01405688570773822
0 0.72265625 0.1015625 0.008011338252725243 0.008011338252725243
0 0.986328125 0.78125 0.015499996137324085 0.015499996137324085
0 0.3828125 0.587890625 0.01798841686275144 0.01798841686275144
0 0.15625 0.044921875 0.012200717019748696 0.012200717019748696
0 0.607421875 0.298828125 0.01840895053354829 0.01840895053354829
0 0.697265625 0.798828125 0.0030585473756138083 0.0030585473756138083
0 0.8125 0.20703125 0.014558469197466782 0.014558469197466782
0 0.1015625 0.169921875 0.00719870268531991 0.00719870268531991
0 0.08203125 0.845703125 0.013227039396582534 0.013227039396582534
0 0.642578125 0.921875 0.012329996114792015 0.012329996114792015
0 0.412109375 0.16796875 0.005247381783133943 0.005247381783133943
0 0.197265625 0.876953125 0.010876714674923932 0.010876714674923932
0 0.513671875 0.45703125 0.013273195283654424 0.013273195283654424
0 0.236328125 0.052734375 0.0011437872655870648 0.0011437872655870648
0 0.0390625 0.513671875 0.01582108838077508 0.01582108838077508
0 0.474609375 0.638671875 0.016527745524485264 0.016527745524485264
0 0.453125 0.65625 0.01836109103711475 0.01836109103711475
