0 0.80078125 0.85546875 0.005422896389889824 0.005422896389889824
0 0.033203125 0.8984375 0.007274754991897227 0.007274754991897227
0 0.900390625 0.83984375 0.011818892952695198 0.011818892952695198
0 0.248046875 0.9453125 0.0018584756477424934 0.0018584756477424934
0 0.865234375 0.626953125 0.013285569008532044 0.013285569008532044
0 0.916015625 0.517578125 0.00812541401174474 0.00812541401174474
0 0.396484375 0.169921875 0.007515475259545195 0.007515475259545195
0 0.51171875 0.2578125 0.011226756121143548 0.011226756121143548
0 0.669921875 0.572265625 0.009425959125312225 0.009425959125312225
0 0.826171875 0.87109375 0.005155432935082414 0.005155432935082414
0 0.8203125 0.328125 0.006191291832721459 0.006191291832721459
0 0.505859375 0.712890625 0.007158287112830912 0.007158287112830912
0 0.130859375 0.625 0.003028779369251449 0.003028779369251449
0 0.0546875 0.060546875 0.007318436116406073 0.007318436116406073
0 0.587890625 0.98046875 0.010005155613502272 0.010005155613502272
0 0.15625 0.080078125 0.006427812118944675 0.006427812118944675
0 0.58984375 0.9921875 0.019343556883862884 0.019343556883862884
0 0.177734375 0.326171875 0.0052434614557061564 0.0052434614557061564
0 0.169921875 0.630859375 0.00987994465337752 0.00987994465337752
0 0.90234375 0.65234375 0.003588354147001573 0.003588354147001573
0 0.8984375 0.599609375 0.0048660545263701244 0.0048660545263701244
0 0.666015625 0.77734375 0.004286066879959145 0.004286066879959145
0 0.68359375 0.2109375 0.017288709694281274 0.017288709694281274
0 0.197265625 0.037109375 0.009900647395434222 0.009900647395434222
0 0.109375 0.345703125 0.004903909566920755 0.004903909566920755
0 0.69140625 0.314453125 0.003565079034968733 0.003565079034968733
0 0.654296875 0.166015625 0.010350703685723918 0.010350703685723918
0 0.978515625 0.544921875 0.008009455015015293 0.008009455015015293
0 0.064453125 0.912109375 0.013253362400042216 0.013253362400042216
0 0.49609375 0.779296875 0.004967636867128896 0.004967636867128896
0 0.35546875 0.81640625 0.0027601882834387857 0.0027601882834387857
0 0.599609375 0.994140625 0.011336563612601786 0.011336563612601786
0 0.220703125 0.453125 0.017755367926736168 0.017755367926736168
0 0.107421875 0.298828125 0.0014842488092457404 0.0014842488092457404
0 0.85546875 0.736328125 0.00380840323437446 0.00380840323437446
0 0.8984375 0.326171875 0.01835348359241693 0.01835348359241693
0 0.48828125 0.841796875 0.005387730812753554 0.005387730812753554
0 0.6640625 0.95703125 0.019161399868202398 0.019161399868202398
0 0.775390625 0.478515625 0.004503689664612476 0.004503689664612476
0 0.40625 0.39453125 0.0021092928252834935 0.0021092928252834935
0 0.162109375 0.46484375 0.012345828421926374 0.012345828421926374
0 0.564453125 0.66796875 2.2717472515998774e-05 2.2717472515998774e-05
0 0.47265625 0.71875 0.004384394041150196 0.004384394041150196
0 0.125 0.171875 0.011890364797469025 0.011890364797469025
0 0.9453125 0.0859375 0.004105883492330365 0.004105883492330365
0 0.244140625 0.921875 0.004446890206878653 0.004446890206878653
0 0.3359375 0.56640625 0.011156947530633975 0.011156947530633975
0 0.6953125 0.138671875 0.004543078693699236 0.004543078693699236
0 0.55859375 0.923828125 0.00593483782267605 0.00593483782267605
0 0.234375 0.94140625 0.015390520147264941 0.015390520147264941
0 0.515625 0.193359375 0.009177454351517452 0.009177454351517452
0 0.322265625 0.39453125 0.002214543851493272 0.002214543851493272
0 0.2734375 0.546875 0.01703811537352911 0.01703811537352911
0 0.75 0.376953125 0.0014627956988421016 0.0014627956988421016
0 0.31640625 0.03125 0.011781891482411865 0.011781891482411865
0 0.89453125 0.03515625 0.00468878352404617 0.00468878352404617
0 0.009765625 0.1328125 0.005150068444334858 0.005150068444334858
0 0.826171875 0.935546875 0.005257131482427884 0.005257131482427884
0 0.46484375 0.142578125 0.007471406031068979 0.007471406031068979
0 0.53515625 0.1484375 0.01053998950447741 0.01053998950447741
0 0.4609375 0.015625 0.0159524664940513 0.0159524664940513
0 0.84765625 0.615234375 0.0035787386475917863 0.0035787386475917863
0 0.35546875 0.50390625 0.0008321358684795863 0.0008321358684795863
0 0.044921875 0.14453125 0.012146043761338536 0.012146043761338536
0 0.41796875 0.763671875 0.0004112789832982173 0.0004112789832982173
0 0.55078125 0.548828125 0.008506940127500875 0.008506940127500875
0 0.642578125 0.2890625 0.01201553673075806 0.01201553673075806
0 0.39453125 0.1953125 0.004744882036644767 0.004744882036644767
0 0.833984375 0.55078125 0.014665033636906459 0.014665033636906459
0 0.21484375 0.25 0.003111574635260336 0.003111574635260336
0 0.439453125 0.29296875 0.018207225241072687 0.018207225241072687
0 0.16796875 0.302734375 0.015391878011331973 0.015391878011331973
0 0.255859375 0.80078125 0.016036275644795747 0.016036275644795747
0 0.94921875 0.56640625 0.008420819840444656 0.008420819840444656
0 0.947265625 0.5859375 0.005474910062954013 0.005474910062954013
0 0.958984375 0.396484375 0.010972379887453556 0.010972379887453556
0 0.259765625 0.916015625 0.002577200436593562 0.002577200436593562
0 0.92578125 0.109375 0.003170512207439518 0.003170512207439518
0 0.298828125 0.765625 0.01227790467602758 0.01227790467602758
0 0.68359375 0.283203125 0.005977502238469715 0.005977502238469715
0 0.669921875 0.3046875 0.0007662134025127314 0.0007662134025127314
0 0.533203125 0.333984375 0.012111834404926575 0.012111834404926575
0 0.146484375 0.07421875 0.006926041770505549 0.006926041770505549
0 0.052734375 0.021484375 0.006112728882437133 0.006112728882437133
0 0.337890625 0.998046875 0.01874191099976251 0.01874191099976251
0 0.630859375 0.466796875 0.010566873956232393 0.010566873956232393
0 0.798828125 0.3828125 0.015833417799723207 0.015833417799723207
0 0.26171875 0.857421875 0.01952379380760459 0.01952379380760459
0 0.978515625 0.875 0.002660195703735168 0.002660195703735168
0 0.51953125 0.234375 0.0039008783034667803 0.0039008783034667803
0 1.0 0.3046875 0.005091030651418449 0.005091030651418449
0 0.00390625 0.96484375 0.01595027828203284 0.01595027828203284
0 0.119140625 0.044921875 0.002362440782150096 0.002362440782150096
0 0.140625 0.646484375 0.017350997955836188 0.017350997955836188
0 0.54296875 0.099609375 0.009642448102822885 0.009642448102822885
0 0.796875 0.841796875 0.003977865228704186 0.003977865228704186
0 0.734375 0.923828125 0.011413137894444108 0.011413137894444108
0 0.205078125 0.07421875 0.0032176649992773226 0.0032176649992773226
0 0.12890625 0.5390625 0.013246860877806566 0.013246860877806566
0 0.818359375 0.080078125 0.00193306144827267 0.00193306144827267
