0 0.21484375 0.0078125 0.0015867980813362242 0.0015867980813362242
0 0.880859375 0.9609375 0.008398089073427411 0.008398089073427411
0 0.287109375 0.453125 0.01530341853909968 0.01530341853909968
0 0.8125 0.578125 0.013204464477450897 0.013204464477450897
0 0.4296875 0.787109375 0.016576428400734783 0.016576428400734783
0 0.787109375 0.646484375 0.0194356500305673 0.0194356500305673
0 0.291015625 0.22265625 0.007085623769438796 0.007085623769438796
0 0.54296875 0.20703125 0.006271333566704259 0.006271333566704259
0 0.20703125 0.30078125 0.013129514626485497 0.013129514626485497
0 0.017578125 0.3046875 0.019113534752698617 0.019113534752698617
0 0.333984375 0.7265625 0.011412337389844037 0.011412337389844037
0 0.7421875 0.232421875 0.0005410077710429244 0.0005410077710429244
0 0.056640625 0.59765625 0.00793427954578938 0.00793427954578938
0 0.5 0.892578125 0.003409481554353729 0.003409481554353729
0 0.609375 0.486328125 0.011536015375532805 0.011536015375532805
0 0.85546875 0.24609375 0.0075948156176529075 0.0075948156176529075
0 0.935546875 0.765625 0.0002613500989477038 0.0002613500989477038
0 0.83203125 0.69140625 0.008083643808250874 0.008083643808250874
0 0.205078125 0.748046875 0.016471030949016252 0.016471030949016252
0 0.017578125 0.48828125 0.014811645982408594 0.014811645982408594
