0 0.974609375 0.7265625 0.015381519145615771 0.015381519145615771
0 0.92578125 0.36328125 0.012336413183569579 0.012336413183569579
0 0.28515625 0.82421875 0.00802730453127511 0.00802730453127511
0 0.982421875 0.412109375 0.003250384250599839 0.003250384250599839
0 0.376953125 0.33203125 0.008459811456036078 0.008459811456036078
0 0.4609375 0.6015625 0.009403384617924091 0.009403384617924091
0 0.046875 0.17578125 0.0025868493194324254 0.0025868493194324254
0 0.744140625 0.830078125 0.008838436941036917 0.008838436941036917
0 0.041015625 0.03515625 0.01793458668201173 0.01793458668201173
0 0.576171875 0.744140625 0.009051069971213837 0.009051069971213837
0 0.66796875 0.783203125 0.008882133555480294 0.008882133555480294
0 0.314453125 0.259765625 0.0011783609261611428 0.0011783609261611428
0 0.7265625 0.869140625 0.004232200652979873 0.004232200652979873
0 0.38671875 0.494140625 0.018396445135351765 0.018396445135351765
0 0.111328125 0.109375 0.018996374702447954 0.018996374702447954
0 0.27734375 0.337890625 0.009387742436813925 0.009387742436813925
0 0.42578125 0.30078125 0.01710326825513292 0.01710326825513292
0 0.369140625 0.337890625 0.013486509161842075 0.013486509161842075
0 0.84765625 0.0546875 0.003886189830054486 0.003886189830054486
0 0.037109375 0.931640625 0.010015112049827257 0.010015112049827257
