0 0.70703125 0.361328125 0.008025501900053493 0.008025501900053493
0 0.521484375 0.37109375 0.0010175006532755072 0.0010175006532755072
0 0.5078125 0.41796875 0.0007427647462968285 0.0007427647462968285
0 0.669921875 0.7265625 0.007919465692095578 0.007919465692095578
0 0.6484375 0.806640625 4.093009324105442e-06 4.093009324105442e-06
0 0.822265625 0.33203125 0.018477581171970674 0.018477581171970674
0 0.8515625 0.515625 0.009168502687937053 0.009168502687937053
0 0.01171875 0.951171875 0.0055743432564623295 0.0055743432564623295
0 0.33203125 0.060546875 0.0016712603332521788 0.0016712603332521788
0 0.314453125 0.3828125 0.01708957360450058 0.01708957360450058
0 0.498046875 0.1875 0.00953494938015165 0.00953494938015165
0 0.140625 0.44140625 0.0168761323434384 0.0168761323434384
0 0.87890625 0.86328125 0.019163590676467095 0.019163590676467095
0 0.994140625 0.626953125 0.0031029736686162567 0.0031029736686162567
0 0.330078125 0.14453125 0.016629608944233966 0.016629608944233966
0 0.259765625 0.087890625 0.009293641102978974 0.009293641102978974
0 0.08203125 0.16796875 0.010998029988229205 0.010998029988229205
0 0.396484375 0.375 0.01504821531118323 0.01504821531118323
0 0.23828125 0.34375 0.0005278768909997228 0.0005278768909997228
0 0.224609375 0.748046875 0.017556556567711643 0.017556556567711643
