0 0.564453125 0.443359375 0.019017850769150295 0.019017850769150295
0 0.6796875 0.625 0.016497947684697083 0.016497947684697083
0 0.80078125 0.677734375 0.018819130424889585 0.018819130424889585
0 0.720703125 0.1875 0.017573656270243144 0.017573656270243144
0 0.21875 0.26953125 0.012487792507412065 0.012487792507412065
0 0.873046875 0.025390625 0.019234022164887538 0.019234022164887538
0 0.1328125 0.6796875 0.0063290324389308275 0.0063290324389308275
0 0.1796875 0.537109375 0.009649991111158603 0.009649991111158603
0 0.669921875 0.412109375 0.0003283253590366975 0.0003283253590366975
0 0.720703125 0.865234375 0.013731828423835656 0.013731828423835656
0 0.4375 0.935546875 0.009187969938237192 0.009187969938237192
0 0.58984375 0.2265625 0.016048704003247854 0.016048704003247854
0 0.55078125 0.650390625 0.0171844313338462 0.0171844313338462
0 0.111328125 0.865234375 0.004622933039834033 0.004622933039834033
0 0.837890625 0.41796875 0.015640813170054318 0.015640813170054318
0 0.40625 0.4140625 0.018812067998930343 0.018812067998930343
0 0.75 0.140625 0.00425347563848627 0.00425347563848627
0 0.783203125 0.673828125 0.017706628586243556 0.017706628586243556
0 0.41796875 0.10546875 0.005299887748570771 0.005299887748570771
0 0.181640625 0.0078125 0.015825880004446628 0.015825880004446628
