0 0.115234375 0.794921875 0.01772432257447003 0.01772432257447003
0 0.61328125 0.642578125 0.016160709730877104 0.016160709730877104
0 0.923828125 0.50390625 0.000885716631298908 0.000885716631298908
0 0.349609375 0.826171875 0.016709144999489937 0.016709144999489937
0 0.212890625 0.11328125 0.0009401173224366497 0.0009401173224366497
0 0.044921875 0.255859375 0.012036662542489068 0.012036662542489068
0 0.400390625 0.03125 0.01931901611348013 0.01931901611348013
0 0.822265625 0.919921875 0.013969813927557317 0.013969813927557317
0 0.169921875 0.697265625 0.007752190186902201 0.007752190186902201
0 0.71484375 0.185546875 0.01941515320459418 0.01941515320459418
0 0.96875 0.173828125 0.0153290714657178 0.0153290714657178
0 0.9140625 0.833984375 0.005631107125176131 0.005631107125176131
0 0.169921875 0.890625 0.011092978274059235 0.011092978274059235
0 0.537109375 0.458984375 0.005094084749549077 0.005094084749549077
0 0.697265625 0.56640625 0.002971305289562376 0.002971305289562376
0 0.50390625 0.708984375 0.010164540041577321 0.010164540041577321
0 0.73046875 0.1015625 0.012574263570013872 0.012574263570013872
0 0.623046875 0.9765625 0.0003838552104834113 0.0003838552104834113
0 0.421875 0.744140625 0.008581326854250396 0.008581326854250396
0 0.4140625 0.962890625 0.003858307233350353 0.003858307233350353
