0 0.41015625 0.9140625 0.014051663570101177 0.014051663570101177
0 0.00390625 0.419921875 0.015799932268411684 0.015799932268411684
0 0.408203125 0.93359375 0.018634409734519637 0.018634409734519637
0 0.74609375 0.8515625 0.013514969187664665 0.013514969187664665
0 0.029296875 0.291015625 0.016903958191837837 0.016903958191837837
0 0.498046875 0.1875 0.012030616373911611 0.012030616373911611
0 0.71484375 0.87890625 0.0036198156493791366 0.0036198156493791366
0 0.26171875 0.24609375 0.0004296098838538361 0.0004296098838538361
0 0.2109375 0.96875 0.0028485015171900185 0.0028485015171900185
0 0.40625 0.42578125 0.0002363208206189243 0.0002363208206189243
0 0.453125 0.17578125 0.010760559224685018 0.010760559224685018
0 0.744140625 0.185546875 0.018857554397543677 0.018857554397543677
0 0.59765625 0.40625 0.0017769236465805692 0.0017769236465805692
0 0.208984375 0.421875 0.018243841773136267 0.018243841773136267
0 0.4140625 0.005859375 0.0005470558798038655 0.0005470558798038655
0 0.248046875 0.255859375 0.001496450269607354 0.001496450269607354
0 0.2890625 0.384765625 0.008100685478975933 0.008100685478975933
0 0.05859375 0.267578125 0.014679795949298989 0.014679795949298989
0 0.41015625 0.470703125 0.003742605572778187 0.003742605572778187
0 0.224609375 0.001953125 0.018510577413006 0.018510577413006
