0 0.35546875 0.73828125 0.007025886149839627 0.007025886149839627
0 0.966796875 0.154296875 0.0021080861161524114 0.0021080861161524114
0 0.267578125 0.6171875 0.01814776939871561 0.01814776939871561
0 0.466796875 0.462890625 0.0034454813089548095 0.0034454813089548095
0 0.76953125 0.931640625 0.0031423239919908656 0.0031423239919908656
0 0.533203125 0.798828125 0.015681005640501983 0.015681005640501983
0 0.814453125 0.939453125 0.010330483990196964 0.010330483990196964
0 0.02734375 0.482421875 0.001584330560195201 0.001584330560195201
0 0.26171875 0.26171875 0.010794084156194567 0.010794084156194567
0 0.818359375 0.830078125 0.013683691448310723 0.013683691448310723
0 0.103515625 0.171875 0.016507062380756086 0.016507062380756086
0 0.044921875 0.76171875 0.00998100926149193 0.00998100926149193
0 0.38671875 0.27734375 0.01398646969705595 0.01398646969705595
0 0.8203125 0.927734375 0.0023417970953283586 0.0023417970953283586
0 0.873046875 0.025390625 0.015033374197084094 0.015033374197084094
0 0.65625 0.216796875 0.00724211437324938 0.00724211437324938
0 0.783203125 0.703125 0.0002243296060121117 0.0002243296060121117
0 0.876953125 0.716796875 0.0064413220516477895 0.0064413220516477895
0 0.005859375 0.21484375 0.009344434333139123 0.009344434333139123
0 0.482421875 0.716796875 0.005198521602385736 0.005198521602385736
