0 0.82421875 0.15234375 0.012441499073883148 0.012441499073883148
0 0.28125 0.876953125 0.0039620954023930535 0.0039620954023930535
0 0.3046875 0.966796875 0.00770637304546577 0.00770637304546577
0 0.51953125 0.724609375 0.003398683480712308 0.003398683480712308
0 0.548828125 0.537109375 0.01426172210695911 0.01426172210695911
0 0.46484375 0.38671875 0.0029218023591821027 0.0029218023591821027
0 0.90625 0.2109375 0.001541885803930331 0.001541885803930331
0 0.7109375 0.39453125 0.003156768171317071 0.003156768171317071
0 0.78515625 0.794921875 0.00514938302559016 0.00514938302559016
0 0.138671875 0.552734375 0.010019353044056054 0.010019353044056054
0 0.388671875 0.009765625 0.013060072021569757 0.013060072021569757
0 0.810546875 0.056640625 0.01615686645115582 0.01615686645115582
0 0.447265625 0.19921875 0.01723890842890346 0.01723890842890346
0 0.41796875 0.345703125 0.010791202909003612 0.010791202909003612
0 0.66015625 0.498046875 0.017481444345085514 0.017481444345085514
0 0.345703125 0.44921875 0.012784440209006891 0.012784440209006891
0 0.052734375 0.91796875 0.013957933859701135 0.013957933859701135
0 0.630859375 0.12890625 0.009545487097203154 0.009545487097203154
0 0.375 0.70703125 0.01614723525140928 0.01614723525140928
0 0.234375 0.146484375 0.011299675921860038 0.011299675921860038
