0 0.22265625 0.314453125 0.018035361806101883 0.018035361806101883
0 0.205078125 0.654296875 0.002877649601271161 0.002877649601271161
0 0.357421875 0.787109375 0.016720723105215243 0.016720723105215243
0 0.744140625 0.822265625 0.014550310055959262 0.014550310055959262
0 0.951171875 0.830078125 0.012374693738825914 0.012374693738825914
0 0.98828125 0.380859375 0.012154947202223078 0.012154947202223078
0 0.8515625 0.84375 0.012385267806710693 0.012385267806710693
0 0.91015625 0.427734375 0.008810413964894879 0.008810413964894879
0 0.7578125 0.740234375 0.01432756260903693 0.01432756260903693
0 0.296875 0.34375 0.009682729124250822 0.009682729124250822
0 0.453125 0.43359375 0.00293132594139006 0.00293132594139006
0 0.576171875 0.416015625 0.00913037045970585 0.00913037045970585
0 0.103515625 0.921875 0.015220226085170124 0.015220226085170124
0 0.935546875 0.6015625 0.009494729032204257 0.009494729032204257
0 0.9296875 0.240234375 0.0069472772015778585 0.0069472772015778585
0 0.498046875 0.3125 0.002331281834891052 0.002331281834891052
0 0.541015625 0.119140625 0.012383074736176948 0.012383074736176948
0 0.7265625 0.318359375 0.01939192697509943 0.01939192697509943
0 0.95703125 0.060546875 0.00016211687828286431 0.00016211687828286431
0 0.81640625 0.8046875 0.011459771841377852 0.011459771841377852
