0 0.236328125 0.046875 0.010503955987660418 0.010503955987660418
0 0.396484375 0.060546875 0.0024496155523051925 0.0024496155523051925
0 0.974609375 0.419921875 0.0025331748915228733 0.0025331748915228733
0 0.642578125 0.845703125 0.01681772970974302 0.01681772970974302
0 0.0390625 0.435546875 0.01480427749737312 0.01480427749737312
0 0.736328125 0.935546875 0.014885540827124046 0.014885540827124046
0 0.24609375 0.560546875 0.0033760622947643726 0.0033760622947643726
0 0.220703125 0.037109375 0.010509304738432368 0.010509304738432368
0 0.900390625 0.787109375 0.009062574492179768 0.009062574492179768
0 0.216796875 0.48828125 0.014610086186473225 0.014610086186473225
0 0.28125 0.033203125 0.01081796367155655 0.01081796367155655
0 0.130859375 0.7421875 0.013059253124163847 0.013059253124163847
0 0.357421875 0.234375 0.011798760476278364 0.011798760476278364
0 0.533203125 0.162109375 0.008333077790041943 0.008333077790041943
0 0.720703125 0.12890625 0.015360920121598592 0.015360920121598592
0 0.826171875 0.564453125 0.008144495830298693 0.008144495830298693
0 0.037109375 0.033203125 0.0063817564150845454 0.0063817564150845454
0 0.640625 0.408203125 0.007915957318353416 0.007915957318353416
0 0.84375 0.654296875 0.0031407408376921673 0.0031407408376921673
0 0.501953125 0.388671875 0.013407259102155174 0.013407259102155174
