0 0.525390625 0.43359375 0.0028097479905885123 0.0028097479905885123
0 0.701171875 0.634765625 0.01004165264500919 0.01004165264500919
0 0.806640625 0.71875 0.0010503982678054498 0.0010503982678054498
0 0.47265625 0.4921875 0.008953477218070837 0.008953477218070837
0 0.587890625 0.615234375 0.008228491228042183 0.008228491228042183
0 0.89453125 0.224609375 0.007401909741436108 0.007401909741436108
0 0.673828125 0.14453125 0.019245005888998853 0.019245005888998853
0 0.2109375 0.6953125 0.01390296582022577 0.01390296582022577
0 0.392578125 0.4765625 0.007867465769223014 0.007867465769223014
0 0.365234375 0.109375 0.006014809570190974 0.006014809570190974
0 0.587890625 0.8515625 0.006090864230931204 0.006090864230931204
0 0.6328125 0.708984375 0.01891545583807516 0.01891545583807516
0 0.15625 0.416015625 0.0004271844052119718 0.0004271844052119718
0 0.6953125 0.703125 0.018391611541027468 0.018391611541027468
0 0.68359375 0.158203125 0.0065498401787774 0.0065498401787774
0 0.416015625 0.107421875 0.004934535828287892 0.004934535828287892
0 0.220703125 0.515625 0.006779507968604373 0.006779507968604373
0 0.64453125 0.869140625 0.01406236196446564 0.01406236196446564
0 0.8359375 0.216796875 0.019178773877130975 0.019178773877130975
0 0.919921875 0.1328125 0.01691460404648053 0.01691460404648053
