0 0.419921875 0.671875 0.000932632869283525 0.000932632869283525
0 0.6796875 0.69140625 0.007122457728259035 0.007122457728259035
0 0.484375 0.220703125 0.0012791217137140556 0.0012791217137140556
0 0.345703125 0.439453125 0.006785872210300149 0.006785872210300149
0 0.359375 0.16796875 0.014976567066146106 0.014976567066146106
0 0.59375 0.740234375 0.011815276932287245 0.011815276932287245
0 0.6953125 0.19921875 1.2459676733567876e-05 1.2459676733567876e-05
0 0.095703125 0.158203125 0.00863430933060942 0.00863430933060942
0 0.490234375 0.55859375 0.00966409266406964 0.00966409266406964
0 0.498046875 0.28515625 0.003704028516749618 0.003704028516749618
0 0.298828125 0.283203125 0.013130998728343533 0.013130998728343533
0 0.79296875 0.826171875 0.005083258310965368 0.005083258310965368
0 0.78125 0.12109375 0.013086109857104542 0.013086109857104542
0 0.69921875 0.15234375 0.015201548103826056 0.015201548103826056
0 0.359375 0.25390625 0.01359308056418376 0.01359308056418376
0 0.068359375 0.193359375 0.005719576462647178 0.005719576462647178
0 0.400390625 0.36328125 0.010409733124369668 0.010409733124369668
0 0.087890625 0.724609375 0.009606096122524995 0.009606096122524995
0 0.390625 0.705078125 0.014668245729565307 0.014668245729565307
0 0.013671875 0.154296875 0.013287800801604601 0.013287800801604601
