0 0.546875 0.1015625 0.011058565529171963 0.011058565529171963
0 0.515625 0.587890625 0.002464273158939395 0.002464273158939395
0 0.10546875 0.94921875 0.0115646123748658 0.0115646123748658
0 0.966796875 0.45703125 0.01701137298217398 0.01701137298217398
0 0.759765625 0.353515625 0.011586112004530849 0.011586112004530849
0 0.09375 0.41015625 0.011879588552673832 0.011879588552673832
0 0.3125 0.2265625 0.007409762002494589 0.007409762002494589
0 0.208984375 0.705078125 0.01261069493314174 0.01261069493314174
0 0.646484375 0.1484375 0.010605316077232764 0.010605316077232764
0 0.771484375 0.501953125 0.009877786434943026 0.009877786434943026
0 0.193359375 0.41796875 0.007454437131624646 0.007454437131624646
0 0.083984375 0.17578125 0.010529885393306215 0.010529885393306215
0 0.607421875 0.251953125 0.016318362508991616 0.016318362508991616
0 0.3984375 0.53125 0.017092635707800743 0.017092635707800743
0 0.8359375 0.068359375 0.009349365908482756 0.009349365908482756
0 0.916015625 0.970703125 0.017240458977688722 0.017240458977688722
0 0.783203125 0.259765625 0.013944720600331086 0.013944720600331086
0 0.146484375 0.181640625 0.018068483770116054 0.018068483770116054
0 0.21484375 0.654296875 0.012802178709488592 0.012802178709488592
0 0.576171875 0.58203125 0.011181622330369876 0.011181622330369876
