0 0.701171875 0.74609375 0.0027677436500753876 0.0027677436500753876
0 0.935546875 0.259765625 0.0150322961228327 0.0150322961228327
0 0.45703125 0.919921875 0.0013884482793704786 0.0013884482793704786
0 0.646484375 0.505859375 0.01583758164816398 0.01583758164816398
0 0.76953125 0.943359375 0.011225055380589027 0.011225055380589027
0 0.125 0.96875 0.01161459756975066 0.01161459756975066
0 0.671875 0.310546875 0.005184617553655206 0.005184617553655206
0 0.408203125 0.42578125 0.016943180816708155 0.016943180816708155
0 0.03125 0.88671875 0.010434036364555206 0.010434036364555206
0 0.80859375 0.82421875 0.01912740259704443 0.01912740259704443
0 0.9375 0.41015625 0.009313581748847631 0.009313581748847631
0 0.734375 0.37109375 0.010236471954475732 0.010236471954475732
0 0.3984375 0.85546875 0.008572865434878011 0.008572865434878011
0 0.169921875 0.14453125 0.014517047997153476 0.014517047997153476
0 0.32421875 0.693359375 0.006478642873429211 0.006478642873429211
0 0.767578125 0.1015625 0.009129688593547243 0.009129688593547243
0 0.38671875 0.201171875 0.0032085884312673253 0.0032085884312673253
0 0.01953125 0.095703125 0.014257203586205788 0.014257203586205788
0 0.123046875 0.8203125 0.015524760896351658 0.015524760896351658
0 0.46484375 0.087890625 0.007635146829027607 0.007635146829027607
