0 0.50390625 0.763671875 0.01803673279291159 0.01803673279291159
0 0.70703125 0.265625 0.012888739185194042 0.012888739185194042
0 0.265625 0.326171875 0.011016480819123554 0.011016480819123554
0 0.615234375 0.572265625 0.012666184532776415 0.012666184532776415
0 0.845703125 0.15234375 0.00642988737149101 0.00642988737149101
0 0.078125 0.134765625 0.005351852631254434 0.005351852631254434
0 0.03515625 0.8671875 0.01172376003452222 0.01172376003452222
0 0.328125 0.748046875 0.010055581784483882 0.010055581784483882
0 0.125 0.263671875 0.019020201718919414 0.019020201718919414
0 0.31640625 0.779296875 0.00839209346569241 0.00839209346569241
0 0.583984375 0.74609375 0.008404417491225842 0.008404417491225842
0 0.171875 0.021484375 0.015946185085029773 0.015946185085029773
0 0.5859375 0.98828125 0.012463212458569493 0.012463212458569493
0 0.650390625 0.044921875 0.00520514264714109 0.00520514264714109
0 0.73828125 0.216796875 0.0033741534227229425 0.0033741534227229425
0 0.873046875 0.958984375 0.004665366626068495 0.004665366626068495
0 0.970703125 0.029296875 0.0008479472062505183 0.0008479472062505183
0 0.75 0.330078125 0.0005357479825426935 0.0005357479825426935
0 0.267578125 0.296875 0.0021528842042490225 0.0021528842042490225
0 0.673828125 0.37109375 0.015385919565379139 0.015385919565379139
