0 0.560546875 0.982421875 0.013807140944006972 0.013807140944006972
0 0.625 0.2421875 0.004176456527379604 0.004176456527379604
0 0.232421875 0.205078125 0.01665103260956463 0.01665103260956463
0 0.44140625 0.896484375 0.005737232505572836 0.005737232505572836
0 0.029296875 0.6171875 0.019379505752724752 0.019379505752724752
0 0.923828125 0.732421875 0.009141577747993668 0.009141577747993668
0 0.732421875 0.1328125 0.017942066979291398 0.017942066979291398
0 0.26953125 0.212890625 0.003132486067339757 0.003132486067339757
0 0.599609375 0.0234375 0.013949513657224055 0.013949513657224055
0 0.296875 0.400390625 0.003236385895876181 0.003236385895876181
0 0.84765625 0.6640625 0.0033434380484061253 0.0033434380484061253
0 0.37109375 0.279296875 0.01639973308870121 0.01639973308870121
0 0.744140625 0.732421875 7.104840266628377e-05 7.104840266628377e-05
0 0.6015625 0.04296875 0.008578320703096526 0.008578320703096526
0 0.6484375 0.333984375 0.011065025920907015 0.011065025920907015
0 0.34765625 0.46875 0.005498351300330332 0.005498351300330332
0 0.30859375 0.615234375 0.018394705270488323 0.018394705270488323
0 0.064453125 0.50390625 0.002733832698354633 0.002733832698354633
0 0.94140625 0.927734375 0.004992538031044339 0.004992538031044339
0 0.806640625 0.4609375 0.00504784281504852 0.00504784281504852
