0 0.048828125 0.884765625 0.015775697961465725 0.015775697961465725
0 0.46875 0.7109375 0.017512193061011563 0.017512193061011563
0 0.4375 0.921875 0.012167582144736573 0.012167582144736573
0 0.384765625 0.681640625 0.017025673038479867 0.017025673038479867
0 0.86328125 0.25390625 0.010999896787458182 0.010999896787458182
0 0.240234375 0.337890625 0.012267850904892769 0.012267850904892769
0 0.841796875 0.267578125 0.018937913456474505 0.018937913456474505
0 0.001953125 0.193359375 0.01768841868580812 0.01768841868580812
0 0.6640625 0.263671875 0.005474331194268642 0.005474331194268642
0 0.154296875 0.38671875 0.014686681284281782 0.014686681284281782
0 0.287109375 0.3515625 0.01042280471062352 0.01042280471062352
0 0.525390625 0.39453125 0.00812673026193197 0.00812673026193197
0 0.9140625 0.63671875 0.010516236123943737 0.010516236123943737
0 0.5625 0.177734375 0.00505299659456218 0.00505299659456218
0 0.953125 0.490234375 0.014521496246632673 0.014521496246632673
0 0.908203125 0.544921875 0.013154631676383664 0.013154631676383664
0 0.26171875 0.81640625 0.005091195717987092 0.005091195717987092
0 0.126953125 0.59765625 0.016248573540103946 0.016248573540103946
0 0.458984375 0.296875 0.0023804562091756442 0.0023804562091756442
0 0.724609375 0.451171875 0.0053146803552007104 0.0053146803552007104
