0 0.822265625 0.80859375 0.004394634176275492 0.004394634176275492
0 0.080078125 0.099609375 0.0015631091587302976 0.0015631091587302976
0 0.111328125 0.84375 0.0007784939787493228 0.0007784939787493228
0 0.708984375 0.033203125 0.001767058962653138 0.001767058962653138
0 0.615234375 0.892578125 0.0023463783149016188 0.0023463783149016188
0 0.6640625 0.87109375 0.0051750422991202845 0.0051750422991202845
0 0.94921875 0.361328125 0.01440608568469554 0.01440608568469554
0 0.794921875 0.8671875 0.013125758738320658 0.013125758738320658
0 0.099609375 0.623046875 0.013330965402759002 0.013330965402759002
0 0.02734375 0.73828125 0.016385908498528987 0.016385908498528987
0 0.490234375 0.435546875 0.00045510864347553725 0.00045510864347553725
0 0.947265625 0.169921875 0.010848516909575352 0.010848516909575352
0 0.220703125 0.826171875 0.01629291582064798 0.01629291582064798
0 0.818359375 0.515625 0.009853156323113251 0.009853156323113251
0 0.8515625 0.564453125 0.019405666582699134 0.019405666582699134
0 0.4296875 0.38671875 0.017804343130059623 0.017804343130059623
0 0.376953125 0.482421875 0.018354835108421196 0.018354835108421196
0 0.2890625 0.63671875 0.00545519468578207 0.00545519468578207
0 0.833984375 0.83203125 0.00255240531055013 0.00255240531055013
0 0.1015625 0.02734375 0.019256445880812267 0.019256445880812267
