0 0.51171875 0.392578125 0.017829365626274178 0.017829365626274178
0 0.205078125 1.0 0.013040357562625733 0.013040357562625733
0 0.912109375 0.994140625 0.018321830842258503 0.018321830842258503
0 0.09375 0.87109375 0.007009558625689402 0.007009558625689402
0 0.234375 0.77734375 0.010268470763963875 0.010268470763963875
0 0.83203125 0.48046875 0.002603484219346648 0.002603484219346648
0 0.107421875 0.0625 0.013650992681625822 0.013650992681625822
0 0.767578125 0.5625 0.012631523297937949 0.012631523297937949
0 0.75390625 0.88671875 0.0027703515411416817 0.0027703515411416817
0 0.744140625 0.515625 0.007624237280383977 0.007624237280383977
0 0.779296875 0.814453125 0.014788881674159605 0.014788881674159605
0 0.751953125 0.318359375 0.009615411258840616 0.009615411258840616
0 0.138671875 0.84765625 0.0036690488930706693 0.0036690488930706693
0 0.783203125 0.380859375 0.007414975213103149 0.007414975213103149
0 0.0625 0.90234375 0.006134840384424283 0.006134840384424283
0 0.87890625 0.744140625 0.00592014526721598 0.00592014526721598
0 0.7421875 0.814453125 0.01904368620514122 0.01904368620514122
0 0.056640625 0.541015625 0.013988722891949046 0.013988722891949046
0 0.109375 0.486328125 0.003238111162177618 0.003238111162177618
0 0.69921875 0.0390625 0.017030700329106946 0.017030700329106946
