0 0.916015625 0.525390625 0.008205803975661442 0.008205803975661442
0 0.79296875 0.291015625 0.00593359395477348 0.00593359395477348
0 0.251953125 0.08203125 0.018513779292149035 0.018513779292149035
0 0.501953125 0.19921875 0.016071252756425545 0.016071252756425545
0 0.119140625 0.107421875 0.0070019551235348775 0.0070019551235348775
0 0.923828125 0.056640625 0.00778823387801253 0.00778823387801253
0 0.841796875 0.5625 0.018995753717719735 0.018995753717719735
0 0.228515625 0.078125 0.012746047382622243 0.012746047382622243
0 0.58203125 0.037109375 0.00919774754830908 0.00919774754830908
0 0.591796875 0.09375 0.009785367826079935 0.009785367826079935
0 0.748046875 0.611328125 0.012770681632424383 0.012770681632424383
0 0.919921875 0.265625 0.013259903951080758 0.013259903951080758
0 0.16796875 0.62109375 0.017539607240450568 0.017539607240450568
0 0.0 0.431640625 0.003929544512595105 0.003929544512595105
0 0.97265625 0.46484375 5.013100844017274e-05 5.013100844017274e-05
0 0.904296875 0.107421875 0.014332207452490395 0.014332207452490395
0 0.146484375 0.08984375 0.004518207305888042 0.004518207305888042
0 0.26953125 0.306640625 0.01346876301635703 0.01346876301635703
0 0.251953125 0.458984375 0.019150650341579662 0.019150650341579662
0 0.4609375 0.873046875 0.003413641012235441 0.003413641012235441
