0 0.18359375 0.2734375 0.012494346893507932 0.012494346893507932
0 0.84375 0.30859375 0.01738557665279713 0.01738557665279713
0 0.81640625 0.66015625 0.010532732165151265 0.010532732165151265
0 0.662109375 0.787109375 0.016984596255208536 0.016984596255208536
0 0.966796875 0.638671875 0.0014424932451825704 0.0014424932451825704
0 0.25390625 0.83984375 0.007268990672219002 0.007268990672219002
0 0.998046875 0.609375 0.006445451894773418 0.006445451894773418
0 0.51171875 0.326171875 0.015520666326635253 0.015520666326635253
0 0.765625 0.13671875 0.016351842327982292 0.016351842327982292
0 0.9296875 0.279296875 0.003091161182338868 0.003091161182338868
0 0.875 0.259765625 0.015613232287412014 0.015613232287412014
0 0.80078125 0.494140625 0.010651225413416354 0.010651225413416354
0 0.94921875 0.673828125 0.008428508965200665 0.008428508965200665
0 0.560546875 0.14453125 0.016272743068004712 0.016272743068004712
0 0.220703125 0.21875 0.006887908720196744 0.006887908720196744
0 0.189453125 0.251953125 0.006951956820482615 0.006951956820482615
0 0.27734375 0.3359375 0.012218315237262162 0.012218315237262162
0 0.0234375 0.162109375 0.015936920345198405 0.015936920345198405
0 0.423828125 0.822265625 0.001174338886758598 0.001174338886758598
0 0.16796875 0.884765625 0.012353504931794474 0.012353504931794474
