0 0.830078125 0.146484375 0.010895977445910223 0.010895977445910223
0 0.765625 0.447265625 0.00859420474104546 0.00859420474104546
0 0.08984375 0.70703125 0.006971861905322183 0.006971861905322183
0 0.400390625 0.021484375 0.0029728657100268514 0.0029728657100268514
0 0.634765625 0.267578125 0.003640451148484254 0.003640451148484254
0 0.765625 0.248046875 0.018765069106051618 0.018765069106051618
0 0.716796875 0.666015625 0.015199189695241816 0.015199189695241816
0 0.89453125 0.150390625 0.007793178532847778 0.007793178532847778
0 0.79296875 0.599609375 0.014838850620162672 0.014838850620162672
0 0.099609375 0.265625 0.0076701702563315 0.0076701702563315
0 0.87109375 0.49609375 0.002104245069594877 0.002104245069594877
0 0.306640625 0.5546875 0.010278158240127138 0.010278158240127138
0 0.921875 0.810546875 0.012072857444800775 0.012072857444800775
0 0.71875 0.923828125 0.0035159115933512393 0.0035159115933512393
0 0.037109375 0.095703125 0.0019234942812036216 0.0019234942812036216
0 0.697265625 0.818359375 0.0010557897854628724 0.0010557897854628724
0 0.939453125 0.4375 0.003110710392720084 0.003110710392720084
0 0.666015625 0.708984375 0.01876821648489975 0.01876821648489975
0 0.19140625 0.435546875 0.002527521648582468 0.002527521648582468
0 0.341796875 0.681640625 0.011998694820563637 0.011998694820563637
