0 0.361328125 0.603515625 0.004827931577204496 0.004827931577204496
0 0.65625 0.232421875 0.007911790945843895 0.007911790945843895
0 0.984375 0.998046875 0.015239431685291113 0.015239431685291113
0 0.306640625 0.896484375 0.01075936431396856 0.01075936431396856
0 0.701171875 0.984375 0.014558241651589157 0.014558241651589157
0 0.07421875 0.248046875 0.0010374725713845718 0.0010374725713845718
0 0.98046875 0.71875 0.017003030273322162 0.017003030273322162
0 0.2734375 0.1640625 0.0013260409683348105 0.0013260409683348105
0 0.96484375 0.078125 0.013563733263095606 0.013563733263095606
0 0.568359375 0.83984375 0.00033683723560568946 0.00033683723560568946
0 0.291015625 0.26171875 0.005771931300448266 0.005771931300448266
0 0.162109375 0.625 0.0011568844502502667 0.0011568844502502667
0 0.095703125 0.09765625 0.012667060461847186 0.012667060461847186
0 0.85546875 0.3515625 0.005070575093140623 0.005070575093140623
0 0.693359375 0.751953125 0.009240562745505696 0.009240562745505696
0 0.5390625 0.931640625 0.003200658733844568 0.003200658733844568
0 0.44921875 0.56640625 0.014107430678293155 0.014107430678293155
0 0.669921875 0.00390625 0.019119420916644116 0.019119420916644116
0 0.92578125 0.830078125 0.017801624657959224 0.017801624657959224
0 0.935546875 0.390625 0.01148570061508916 0.01148570061508916
