0 0.060546875 0.591796875 0.003003656236484234 0.003003656236484234
0 0.595703125 0.5625 0.012827170206836803 0.012827170206836803
0 0.74609375 0.8828125 0.019053920690814394 0.019053920690814394
0 0.89453125 0.673828125 0.004884861136053976 0.004884861136053976
0 0.17578125 0.3125 0.0003098751787519315 0.0003098751787519315
0 0.990234375 0.873046875 0.004322284021499975 0.004322284021499975
0 0.669921875 0.951171875 0.015532168454685826 0.015532168454685826
0 0.833984375 0.625 0.018407920060854413 0.018407920060854413
0 0.123046875 0.265625 0.012286832948193561 0.012286832948193561
0 0.771484375 0.349609375 0.01155374110095351 0.01155374110095351
0 0.06640625 0.2734375 0.00016510878596873169 0.00016510878596873169
0 0.7265625 0.0390625 0.0068718931165472515 0.0068718931165472515
0 0.84765625 0.59765625 0.010722404027355274 0.010722404027355274
0 0.6015625 0.400390625 0.013107042609953495 0.013107042609953495
0 0.583984375 0.548828125 0.016865056273836547 0.016865056273836547
0 0.201171875 0.47265625 0.005383472769972903 0.005383472769972903
0 0.37109375 0.771484375 0.0005596525855895229 0.0005596525855895229
0 0.576171875 0.6171875 0.011718314975085636 0.011718314975085636
0 0.037109375 0.521484375 0.017223640793557905 0.017223640793557905
0 0.935546875 0.505859375 0.012491442033523105 0.012491442033523105
