0 0.68359375 0.5078125 0.01925225546949239 0.01925225546949239
0 0.0 0.81640625 0.013288047207636927 0.013288047207636927
0 0.384765625 0.90625 0.010698726446888285 0.010698726446888285
0 0.13671875 0.47265625 0.012034861036247114 0.012034861036247114
0 0.091796875 0.49609375 0.010085614758757048 0.010085614758757048
0 0.064453125 0.341796875 0.00016937172456704154 0.00016937172456704154
0 0.12109375 0.830078125 0.019348218688161743 0.019348218688161743
0 0.486328125 0.55859375 0.0041236477712477656 0.0041236477712477656
0 0.689453125 0.791015625 0.005352779802064287 0.005352779802064287
0 0.130859375 0.134765625 0.008426579866634342 0.008426579866634342
0 0.466796875 0.33203125 0.017372371231125 0.017372371231125
0 0.892578125 0.65625 0.01866284805104356 0.01866284805104356
0 0.1796875 0.513671875 0.001398472053694645 0.001398472053694645
0 0.771484375 0.1953125 0.01172160591959749 0.01172160591959749
0 0.291015625 0.337890625 0.005471187992019991 0.005471187992019991
0 0.271484375 0.810546875 0.004279378978960442 0.004279378978960442
0 0.55859375 0.271484375 0.01840578618548657 0.01840578618548657
0 0.30859375 0.306640625 0.006994530073680482 0.006994530073680482
0 0.283203125 0.61328125 0.013043179987016162 0.013043179987016162
0 0.884765625 0.6171875 0.0014633369663615437 0.0014633369663615437
