0 0.259765625 0.958984375 0.0013045121683684748 0.0013045121683684748
0 0.373046875 0.236328125 0.009455003298610733 0.009455003298610733
0 0.3125 0.771484375 0.003831416013149766 0.003831416013149766
0 0.240234375 0.380859375 0.0026705960149720756 0.0026705960149720756
0 0.990234375 0.90234375 0.00212116385267075 0.00212116385267075
0 0.935546875 0.216796875 0.006663783803649693 0.006663783803649693
0 0.732421875 0.515625 0.00916009151094184 0.00916009151094184
0 0.224609375 0.2265625 0.014455153550142555 0.014455153550142555
0 0.408203125 0.376953125 0.016663246245599322 0.016663246245599322
0 0.578125 0.650390625 0.016532039567176214 0.016532039567176214
0 0.6875 0.2109375 0.005922542177635528 0.005922542177635528
0 0.2890625 0.810546875 0.011920581618626918 0.011920581618626918
0 0.896484375 0.431640625 0.009315066006308277 0.009315066006308277
0 0.6171875 0.916015625 0.012452449624810945 0.012452449624810945
0 0.33984375 0.865234375 0.010690423359550538 0.010690423359550538
0 0.341796875 0.875 0.007052614999277975 0.007052614999277975
0 0.486328125 0.310546875 0.00775756317801311 0.00775756317801311
0 0.5859375 0.888671875 0.014813243943623598 0.014813243943623598
0 0.064453125 0.51953125 0.013748385014761477 0.013748385014761477
0 0.333984375 0.751953125 0.015323033667227884 0.015323033667227884
