0 0.9609375 0.45703125 0.01937900963995733 0.01937900963995733
0 0.802734375 0.90234375 0.00019812411344269105 0.00019812411344269105
0 0.1015625 0.611328125 0.01016142142578524 0.01016142142578524
0 0.365234375 0.8515625 0.005942812959727132 0.005942812959727132
0 0.04296875 0.783203125 0.018174256594200546 0.018174256594200546
0 0.38671875 0.685546875 0.012084333192406722 0.012084333192406722
0 0.40234375 0.40625 0.006275490410044351 0.006275490410044351
0 0.763671875 0.587890625 0.019045184424004578 0.019045184424004578
0 0.998046875 0.888671875 0.004813285873617587 0.004813285873617587
0 0.8359375 0.40234375 0.003941154106176579 0.003941154106176579
0 0.26171875 0.853515625 0.012492836601597682 0.012492836601597682
0 0.5703125 0.228515625 0.0029619496726843446 0.0029619496726843446
0 0.25 0.43359375 0.0012806298545562029 0.0012806298545562029
0 0.826171875 0.130859375 0.0051454256122458 0.0051454256122458
0 0.53125 0.771484375 0.018266380951606632 0.018266380951606632
0 0.638671875 0.6484375 0.013887687869878136 0.013887687869878136
0 0.244140625 0.326171875 0.01586052551948238 0.01586052551948238
0 0.232421875 0.673828125 0.011571356152636669 0.011571356152636669
0 0.638671875 0.328125 0.009502971105802147 0.009502971105802147
0 0.033203125 0.46484375 0.010304757022514141 0.010304757022514141
