0 0.896484375 0.072265625 0.007919709764264147 0.007919709764264147
0 0.31640625 0.041015625 0.00405035307821378 0.00405035307821378
0 0.025390625 0.376953125 0.018427949180644054 0.018427949180644054
0 0.240234375 0.85546875 0.001979917688525244 0.001979917688525244
0 0.30859375 0.263671875 0.010749123572550326 0.010749123572550326
0 0.310546875 0.09375 0.01101260089128635 0.01101260089128635
0 0.890625 0.455078125 0.008182783747656271 0.008182783747656271
0 0.74609375 0.96484375 0.0006698668453511913 0.0006698668453511913
0 0.873046875 0.755859375 0.0010628750271281955 0.0010628750271281955
0 0.107421875 0.509765625 0.008939644777300828 0.008939644777300828
0 0.486328125 0.626953125 0.0001468324876910767 0.0001468324876910767
0 0.107421875 0.033203125 0.0035839895305923852 0.0035839895305923852
0 0.7265625 0.541015625 0.009513516662395345 0.009513516662395345
0 0.90234375 0.857421875 0.01767069331124346 0.01767069331124346
0 0.978515625 0.494140625 0.0012948245143538884 0.0012948245143538884
0 0.275390625 0.72265625 0.01871305609778466 0.01871305609778466
0 0.666015625 0.693359375 0.0064440328289816304 0.0064440328289816304
0 0.458984375 0.171875 0.008799698366856321 0.008799698366856321
0 0.263671875 0.146484375 0.002540259388323612 0.002540259388323612
0 0.046875 0.60546875 0.0032599886987776908 0.0032599886987776908
