0 0.28515625 0.50390625 0.010570798180448442 0.010570798180448442
0 0.412109375 0.796875 0.0108530841798137 0.0108530841798137
0 0.580078125 0.2890625 0.014630859695843141 0.014630859695843141
0 0.62890625 0.060546875 0.0034544805248622277 0.0034544805248622277
0 0.6015625 0.408203125 0.006696580470537535 0.006696580470537535
0 0.9296875 0.890625 0.0012953702236318562 0.0012953702236318562
0 0.486328125 0.154296875 0.006427169142156715 0.006427169142156715
0 0.064453125 0.888671875 0.005851738921985601 0.005851738921985601
0 0.283203125 0.5859375 0.010459267526506145 0.010459267526506145
0 0.599609375 0.482421875 0.01692242356102359 0.01692242356102359
0 0.728515625 0.490234375 0.008035437321782673 0.008035437321782673
0 0.86328125 0.634765625 0.013024465577827563 0.013024465577827563
0 0.919921875 0.1328125 0.004084462082020422 0.004084462082020422
0 0.900390625 0.310546875 0.009322350405731284 0.009322350405731284
0 0.255859375 0.044921875 0.01628288538066086 0.01628288538066086
0 0.943359375 0.423828125 0.013981463972624586 0.013981463972624586
0 0.041015625 0.306640625 0.009484287493126445 0.009484287493126445
0 0.283203125 0.7421875 0.011681338590989142 0.011681338590989142
0 0.96875 0.890625 0.0019032296833394378 0.0019032296833394378
0 0.00390625 0.349609375 0.004464995387615501 0.004464995387615501
