0 0.830078125 0.064453125 0.00869226700075748 0.00869226700075748
0 0.134765625 0.703125 0.01836137337583132 0.01836137337583132
0 0.220703125 0.453125 0.00938254452095327 0.00938254452095327
0 0.576171875 0.623046875 0.019084291109569693 0.019084291109569693
0 0.22265625 0.01953125 0.003993978150486238 0.003993978150486238
0 0.814453125 0.666015625 0.007450232832977428 0.007450232832977428
0 0.3125 0.904296875 0.0018860635262304753 0.0018860635262304753
0 0.796875 0.908203125 0.009908478080212106 0.009908478080212106
0 0.646484375 0.87109375 0.007064006637959934 0.007064006637959934
0 0.48828125 0.09375 0.015901099603071837 0.015901099603071837
0 0.01953125 0.693359375 0.0007676605797437642 0.0007676605797437642
0 0.71875 0.884765625 0.016405072984411455 0.016405072984411455
0 0.16015625 0.9140625 0.011175044045061769 0.011175044045061769
0 0.6015625 0.76171875 0.013869129028053378 0.013869129028053378
0 0.111328125 0.580078125 0.005011837452519102 0.005011837452519102
0 0.9296875 0.412109375 0.01837605997474029 0.01837605997474029
0 0.931640625 0.671875 0.00445150053432541 0.00445150053432541
0 0.572265625 0.470703125 0.016182349000555905 0.016182349000555905
0 0.240234375 0.755859375 0.013216965888279836 0.013216965888279836
0 0.4296875 0.2421875 0.00767444177222615 0.00767444177222615
