0 0.109375 0.87890625 0.01524139419359147 0.01524139419359147
0 0.578125 0.271484375 0.0016513110430063215 0.0016513110430063215
0 0.775390625 0.8203125 0.019056925138693698 0.019056925138693698
0 0.576171875 0.224609375 0.0035276894107361427 0.0035276894107361427
0 0.78515625 0.29296875 0.016528930632994716 0.016528930632994716
0 0.091796875 0.416015625 0.004153111618314361 0.004153111618314361
0 0.86328125 0.736328125 0.017525830594691913 0.017525830594691913
0 0.798828125 0.91015625 0.01919631406791435 0.01919631406791435
0 0.509765625 0.689453125 0.007607080773582198 0.007607080773582198
0 0.11328125 0.599609375 0.0011033069214180032 0.0011033069214180032
0 0.33984375 0.6171875 0.007610170304034763 0.007610170304034763
0 0.4609375 0.685546875 0.0013563985799113745 0.0013563985799113745
0 0.65234375 0.22265625 0.00950472546884632 0.00950472546884632
0 0.373046875 0.5625 0.018897260050354983 0.018897260050354983
0 0.158203125 0.861328125 0.018989676855121332 0.018989676855121332
0 0.044921875 0.56640625 0.007310127019269212 0.007310127019269212
0 0.69140625 0.5234375 0.012011521212430794 0.012011521212430794
0 0.466796875 0.236328125 0.0063126258981635874 0.0063126258981635874
0 0.748046875 0.380859375 0.0013274281478304326 0.0013274281478304326
0 0.73828125 0.09375 0.005517884617904343 0.005517884617904343
