0 0.66796875 0.24609375 0.013835385295147102 0.013835385295147102
0 0.0390625 0.765625 0.01594239709359139 0.01594239709359139
0 0.302734375 0.470703125 0.015566706978780112 0.015566706978780112
0 0.888671875 0.443359375 0.003897109494786378 0.003897109494786378
0 0.669921875 0.71484375 0.007911911996831847 0.007911911996831847
0 0.0234375 0.77734375 0.005369332418607808 0.005369332418607808
0 0.6015625 0.220703125 0.007099112201924978 0.007099112201924978
0 0.208984375 0.078125 0.013452299024651225 0.013452299024651225
0 0.49609375 0.7734375 0.0024967752580570975 0.0024967752580570975
0 0.787109375 0.57421875 0.001068182700688623 0.001068182700688623
0 0.701171875 0.330078125 0.011265329081824604 0.011265329081824604
0 0.498046875 0.548828125 0.006960162041813275 0.006960162041813275
0 0.052734375 0.37890625 0.006577436595805 0.006577436595805
0 0.322265625 0.283203125 0.017390345997915776 0.017390345997915776
0 0.048828125 0.0390625 0.013872335089103825 0.013872335089103825
0 0.21484375 0.21875 0.015351467681988805 0.015351467681988805
0 0.96484375 0.79296875 0.003548071424796192 0.003548071424796192
0 0.421875 0.583984375 0.0044852965929959195 0.0044852965929959195
0 0.728515625 0.87109375 0.011873401424012735 0.011873401424012735
0 0.44140625 0.455078125 0.012563175957723952 0.012563175957723952
