0 0.732421875 0.71484375 0.00012153250641549606 0.00012153250641549606
0 0.396484375 0.85546875 0.01732286152612748 0.01732286152612748
0 0.849609375 0.421875 0.00522489542423751 0.00522489542423751
0 0.197265625 0.36328125 0.006899888614246466 0.006899888614246466
0 0.96484375 0.064453125 2.0070200423649535e-05 2.0070200423649535e-05
0 0.513671875 0.607421875 0.002051250922092498 0.002051250922092498
0 0.546875 0.197265625 0.015446219190973982 0.015446219190973982
0 0.33984375 0.525390625 0.004420402055032263 0.004420402055032263
0 0.607421875 0.513671875 1.425506867795993e-05 1.425506867795993e-05
0 0.728515625 0.822265625 0.00190186296007493 0.00190186296007493
0 0.72265625 0.90234375 0.008219034906082754 0.008219034906082754
0 0.787109375 0.095703125 0.014626314918885719 0.014626314918885719
0 0.650390625 0.92578125 0.0012703364135820345 0.0012703364135820345
0 0.76953125 0.19921875 0.01331222235440217 0.01331222235440217
0 0.76953125 0.501953125 0.012202197408965089 0.012202197408965089
0 0.48046875 0.486328125 0.012536870775899038 0.012536870775899038
0 0.8359375 0.33984375 0.01292160677034867 0.01292160677034867
0 0.22265625 0.23828125 0.008339717041936572 0.008339717041936572
0 0.93359375 0.876953125 0.007769816753337613 0.007769816753337613
0 0.49609375 0.216796875 0.018765539781857674 0.018765539781857674
