0 0.625 0.935546875 0.01005657158225285 0.01005657158225285
0 0.439453125 0.064453125 0.018734720258600453 0.018734720258600453
0 0.1640625 0.92578125 0.008691210883822815 0.008691210883822815
0 0.275390625 0.6328125 0.01901714072984762 0.01901714072984762
0 0.01953125 0.828125 0.006989036525915601 0.006989036525915601
0 0.82421875 0.3984375 0.0028732643570882326 0.0028732643570882326
0 0.02734375 0.029296875 0.00843685748379232 0.00843685748379232
0 0.185546875 0.42578125 0.01508719661923506 0.01508719661923506
0 0.6171875 0.9921875 0.009025649014156182 0.009025649014156182
0 0.78515625 0.42578125 0.008033237369523716 0.008033237369523716
0 0.33203125 0.40234375 0.003574771485715493 0.003574771485715493
0 0.603515625 0.595703125 0.005149864438430819 0.005149864438430819
0 0.01171875 0.26171875 0.015554110243784822 0.015554110243784822
0 0.22265625 0.529296875 0.003520110696961045 0.003520110696961045
0 0.296875 0.609375 0.011409833716290122 0.011409833716290122
0 0.380859375 0.6484375 0.0061981711111003795 0.0061981711111003795
0 0.638671875 0.330078125 0.003804999093565116 0.003804999093565116
0 0.455078125 0.9765625 0.017755056181015395 0.017755056181015395
0 0.71484375 0.708984375 0.00471718902806466 0.00471718902806466
0 0.05859375 0.263671875 0.008279338297043049 0.008279338297043049
