0 0.18359375 0.041015625 0.009777277620692429 0.009777277620692429
0 0.865234375 0.17578125 0.0019862419367497287 0.0019862419367497287
0 0.93359375 0.794921875 0.008733244124167447 0.008733244124167447
0 0.203125 0.716796875 0.0015842058630578392 0.0015842058630578392
0 0.841796875 0.890625 0.010939835267908055 0.010939835267908055
0 0.07421875 0.40234375 0.013748387086312885 0.013748387086312885
0 0.095703125 0.240234375 0.00785234317368641 0.00785234317368641
0 0.232421875 0.0625 0.011808021028577025 0.011808021028577025
0 0.61328125 0.765625 0.0023218140984030983 0.0023218140984030983
0 0.244140625 0.33203125 0.0030341460421961348 0.0030341460421961348
0 0.642578125 0.376953125 0.018558907020489374 0.018558907020489374
0 0.52734375 0.26171875 0.012179464630618218 0.012179464630618218
0 0.404296875 0.0703125 0.0005304000815047321 0.0005304000815047321
0 0.7265625 0.64453125 0.01274094913098541 0.01274094913098541
0 0.24609375 0.833984375 0.017688462203974995 0.017688462203974995
0 0.13671875 0.74609375 0.005642659081734048 0.005642659081734048
0 0.7734375 0.958984375 0.0005638020132015258 0.0005638020132015258
0 0.509765625 0.0546875 0.012212137889560328 0.012212137889560328
0 0.8671875 0.115234375 0.018288264424891756 0.018288264424891756
0 0.748046875 0.126953125 0.016022742389988995 0.016022742389988995
