0 0.244140625 0.837890625 0.015824159779016484 0.015824159779016484
0 0.48828125 0.32421875 0.00023221453656822096 0.00023221453656822096
0 0.96484375 0.55078125 0.002613665453917568 0.002613665453917568
0 0.466796875 0.029296875 0.0010754783405366223 0.0010754783405366223
0 0.94140625 0.6484375 0.016247638087627136 0.016247638087627136
0 0.9453125 0.607421875 0.017423172171231488 0.017423172171231488
0 0.54296875 0.552734375 0.012994875938609608 0.012994875938609608
0 0.958984375 0.29296875 0.014882948062555142 0.014882948062555142
0 0.837890625 0.580078125 0.011547880649193333 0.011547880649193333
0 0.85546875 0.958984375 0.012692640839652566 0.012692640839652566
0 0.21484375 0.91015625 0.003995820215844345 0.003995820215844345
0 0.904296875 0.37890625 0.0014183241219074502 0.0014183241219074502
0 0.94140625 0.03125 0.002275854853983851 0.002275854853983851
0 0.9296875 0.13671875 0.017137075083119256 0.017137075083119256
0 0.830078125 0.6796875 0.014766692106419134 0.014766692106419134
0 0.130859375 0.6484375 0.006307555825638333 0.006307555825638333
0 0.18359375 0.5234375 0.018097475072271173 0.018097475072271173
0 0.013671875 0.4921875 0.007231683459294285 0.007231683459294285
0 0.783203125 0.3671875 0.019394773045775315 0.019394773045775315
0 0.8359375 0.177734375 5.401933697802598e-05 5.401933697802598e-05
