0 0.453125 0.044921875 0.009288278111485089 0.009288278111485089
0 0.138671875 0.134765625 0.0018227362628702977 0.0018227362628702977
0 0.337890625 0.048828125 0.005899998906278221 0.005899998906278221
0 0.759765625 0.1953125 0.013837855949942286 0.013837855949942286
0 0.9375 0.826171875 0.013313922752642754 0.013313922752642754
0 0.185546875 0.513671875 0.010194796372944591 0.010194796372944591
0 0.798828125 0.142578125 0.007450059396977139 0.007450059396977139
0 0.951171875 0.578125 0.01593685120792741 0.01593685120792741
0 0.1171875 0.380859375 0.010132119383243212 0.010132119383243212
0 0.48828125 0.5 0.0016188875291903615 0.0016188875291903615
0 0.357421875 0.4140625 0.015002363904714088 0.015002363904714088
0 0.3046875 0.58984375 0.0017622073247742132 0.0017622073247742132
0 0.044921875 0.560546875 0.019094871071500086 0.019094871071500086
0 0.392578125 0.17578125 0.0004157361448874574 0.0004157361448874574
0 0.36328125 0.498046875 0.017918413756659153 0.017918413756659153
0 0.64453125 0.01953125 0.005592903694125156 0.005592903694125156
0 0.1640625 0.439453125 0.011412944168610266 0.011412944168610266
0 0.958984375 0.830078125 0.005451043954970831 0.005451043954970831
0 0.724609375 0.25 0.011162429598307376 0.011162429598307376
0 0.708984375 0.10546875 0.01060804700598534 0.01060804700598534
