0 0.0546875 0.30859375 0.004001419181342042 0.004001419181342042
0 0.599609375 0.728515625 0.009053972744112104 0.009053972744112104
0 0.37890625 0.50390625 0.009561501308197894 0.009561501308197894
0 0.791015625 0.65234375 0.007469688768412705 0.007469688768412705
0 0.12890625 0.888671875 0.007080017187370556 0.007080017187370556
0 0.791015625 0.263671875 0.010667177429503797 0.010667177429503797
0 0.345703125 0.61328125 0.009328581611661358 0.009328581611661358
0 0.171875 0.560546875 0.006233637836220956 0.006233637836220956
0 0.73046875 0.259765625 0.005904747870827177 0.005904747870827177
0 0.302734375 0.62890625 0.016982500857296228 0.016982500857296228
0 0.140625 0.3984375 0.004688470222789258 0.004688470222789258
0 0.041015625 0.94140625 0.018152539995466007 0.018152539995466007
0 0.5859375 0.57421875 0.01493531434275848 0.01493531434275848
0 0.8359375 0.28515625 0.014069744057796244 0.014069744057796244
0 0.12890625 0.453125 0.014644973373026754 0.014644973373026754
0 0.005859375 0.744140625 0.007220117111007266 0.007220117111007266
0 0.720703125 0.525390625 0.007679142649720497 0.007679142649720497
0 0.119140625 0.712890625 0.014433010459777818 0.014433010459777818
0 0.654296875 0.220703125 0.0006601642502822736 0.0006601642502822736
0 0.265625 0.990234375 0.0022900128865960376 0.0022900128865960376
