0 0.708984375 0.48828125 0.010166005593206105 0.010166005593206105
0 0.912109375 0.671875 0.0058502029095169866 0.0058502029095169866
0 0.58203125 0.474609375 0.0006143171186920402 0.0006143171186920402
0 0.08984375 0.40625 0.016361315309776858 0.016361315309776858
0 0.66796875 0.818359375 0.014605167824098118 0.014605167824098118
0 0.646484375 0.36328125 0.009966440352698117 0.009966440352698117
0 0.109375 0.287109375 0.015437671180531694 0.015437671180531694
0 0.5625 0.03125 0.006000207119556702 0.006000207119556702
0 0.400390625 0.439453125 0.013216854703958954 0.013216854703958954
0 0.3828125 0.796875 0.019383228903516778 0.019383228903516778
0 0.982421875 0.130859375 0.016321922343255524 0.016321922343255524
0 0.70703125 0.654296875 0.01904410941393356 0.01904410941393356
0 0.482421875 0.029296875 0.004411415790017335 0.004411415790017335
0 0.13671875 0.150390625 0.018763843720027096 0.018763843720027096
0 0.69921875 0.36328125 0.0083675406822394 0.0083675406822394
0 0.865234375 0.66015625 0.01878591501154204 0.01878591501154204
0 0.150390625 0.064453125 0.003817665437090285 0.003817665437090285
0 0.158203125 0.095703125 0.015435698131811965 0.015435698131811965
0 0.056640625 0.01171875 0.008077858809651775 0.008077858809651775
0 0.251953125 0.466796875 0.005646253531057968 0.005646253531057968
