0 0.322265625 0.79296875 0.0018276987919965378 0.0018276987919965378
0 0.9765625 0.57421875 0.005627292197269986 0.005627292197269986
0 0.701171875 0.857421875 0.0034132105606093682 0.0034132105606093682
0 0.4375 0.8828125 0.012596772035789636 0.012596772035789636
0 0.423828125 0.837890625 0.004093225578763389 0.004093225578763389
0 0.98046875 0.15625 0.014124086944363049 0.014124086944363049
0 0.03515625 0.65625 0.005811858150750079 0.005811858150750079
0 0.521484375 0.494140625 0.014711318926801541 0.014711318926801541
0 0.623046875 0.61328125 0.014092007712778881 0.014092007712778881
0 0.72265625 0.91796875 0.002172788429462976 0.002172788429462976
0 0.98046875 0.78515625 0.007136729433905588 0.007136729433905588
0 0.796875 0.55078125 0.0010278744713012526 0.0010278744713012526
0 0.52734375 0.9765625 0.0028822114517737378 0.0028822114517737378
0 0.955078125 0.263671875 0.016063170966370395 0.016063170966370395
0 0.951171875 0.337890625 0.015838571476262123 0.015838571476262123
0 0.26953125 0.416015625 0.002713525540837022 0.002713525540837022
0 0.078125 0.330078125 0.01084108032465892 0.01084108032465892
0 0.181640625 0.845703125 0.008625950960149146 0.008625950960149146
0 0.18359375 0.607421875 0.009544805855993068 0.009544805855993068
0 0.814453125 0.208984375 0.0027532244495633734 0.0027532244495633734
