0 0.904296875 0.37890625 0.008207108411736495 0.008207108411736495
0 0.1953125 0.984375 0.010725023586585078 0.010725023586585078
0 0.03515625 0.099609375 0.015010823246580606 0.015010823246580606
0 0.02734375 0.751953125 0.0005399897475309549 0.0005399897475309549
0 0.802734375 0.1484375 0.018685421644031218 0.018685421644031218
0 0.580078125 0.439453125 0.007711990650699009 0.007711990650699009
0 0.2265625 0.505859375 0.0018220847015311512 0.0018220847015311512
0 0.431640625 0.935546875 0.019483916318020565 0.019483916318020565
0 0.576171875 0.97265625 0.000749245737555063 0.000749245737555063
0 0.98046875 0.205078125 0.007009542726509478 0.007009542726509478
0 0.07421875 0.669921875 0.0033223338565618833 0.0033223338565618833
0 0.892578125 0.255859375 0.011251413377056686 0.011251413377056686
0 0.880859375 0.04296875 0.009166137629197693 0.009166137629197693
0 0.974609375 0.962890625 0.017946344956767127 0.017946344956767127
0 0.890625 0.171875 0.015488303944860614 0.015488303944860614
0 0.52734375 0.857421875 0.009582350890248125 0.009582350890248125
0 0.5234375 0.259765625 0.0034066866934320383 0.0034066866934320383
0 0.71875 0.546875 0.005643264149419049 0.005643264149419049
0 0.341796875 0.115234375 0.015495645287646508 0.015495645287646508
0 0.458984375 0.85546875 0.014186624929061455 0.014186624929061455
