0 0.298828125 0.869140625 0.019284328968780164 0.019284328968780164
0 0.12109375 0.505859375 0.00774342536002417 0.00774342536002417
0 0.046875 0.537109375 0.00662492227173669 0.00662492227173669
0 0.751953125 0.541015625 0.0030154985204225416 0.0030154985204225416
0 0.47265625 0.3359375 0.0017574980648978793 0.0017574980648978793
0 0.173828125 0.177734375 0.010483521634322073 0.010483521634322073
0 0.447265625 0.244140625 0.012494197938348713 0.012494197938348713
0 0.447265625 0.259765625 0.016191293506533033 0.016191293506533033
0 0.615234375 0.7578125 0.00486378389527383 0.00486378389527383
0 0.703125 0.44140625 0.011169863171371804 0.011169863171371804
0 0.369140625 0.123046875 0.013710687736130055 0.013710687736130055
0 0.12109375 0.841796875 0.009969308040176275 0.009969308040176275
0 0.525390625 0.310546875 0.006454152978732244 0.006454152978732244
0 0.876953125 0.291015625 0.0048268920074427835 0.0048268920074427835
0 0.9375 0.7265625 0.0032412120756809912 0.0032412120756809912
0 0.392578125 0.33984375 0.010323596676034823 0.010323596676034823
0 0.888671875 0.181640625 0.0001896799888757828 0.0001896799888757828
0 0.0625 0.935546875 0.018076509238071893 0.018076509238071893
0 0.888671875 0.404296875 0.015682849011841797 0.015682849011841797
0 0.296875 0.369140625 0.011086345008237988 0.011086345008237988
