0 0.265625 0.50390625 0.008862718453747321 0.008862718453747321
0 0.666015625 0.70703125 0.007187039837619211 0.007187039837619211
0 0.158203125 0.28125 0.012174200897815885 0.012174200897815885
0 0.943359375 0.01953125 0.008728960207954562 0.008728960207954562
0 0.96484375 0.2890625 0.0021842220936681145 0.0021842220936681145
0 0.78515625 0.126953125 0.013761307474597327 0.013761307474597327
0 0.529296875 0.65234375 0.0011484093615278307 0.0011484093615278307
0 0.982421875 0.16015625 0.014687388404354578 0.014687388404354578
0 0.0625 0.328125 0.014509178787093218 0.014509178787093218
0 0.640625 0.056640625 0.0038271368106177384 0.0038271368106177384
0 0.6953125 0.697265625 0.012179406058002846 0.012179406058002846
0 0.173828125 0.984375 0.018191636590383753 0.018191636590383753
0 0.880859375 0.537109375 0.014575276412407148 0.014575276412407148
0 0.349609375 0.189453125 0.008006988010499455 0.008006988010499455
0 0.927734375 0.013671875 0.0006000153776222913 0.0006000153776222913
0 0.86328125 0.689453125 0.018469142480771198 0.018469142480771198
0 0.333984375 0.685546875 0.015301619674447448 0.015301619674447448
0 0.69140625 0.61328125 0.014659103344534087 0.014659103344534087
0 0.58203125 0.84375 0.009611888238653629 0.009611888238653629
0 0.154296875 0.576171875 0.004911831604873904 0.004911831604873904
