0 0.107421875 0.478515625 0.016347740725295278 0.016347740725295278
0 0.662109375 0.736328125 0.0030247561592999903 0.0030247561592999903
0 0.685546875 0.150390625 0.004213343686238855 0.004213343686238855
0 0.150390625 0.283203125 0.00028153803310353945 0.00028153803310353945
0 0.322265625 0.322265625 0.013073016810645531 0.013073016810645531
0 0.158203125 0.8359375 0.009076430703469805 0.009076430703469805
0 0.69140625 0.794921875 0.0010051743324555364 0.0010051743324555364
0 0.916015625 0.435546875 0.015057102933734736 0.015057102933734736
0 0.87109375 0.552734375 0.00016644663484940286 0.00016644663484940286
0 0.8984375 0.376953125 0.014094443015637701 0.014094443015637701
0 0.404296875 0.765625 0.01526399901262496 0.01526399901262496
0 0.822265625 0.58203125 0.0041432593988331105 0.0041432593988331105
0 0.6640625 0.009765625 0.01703257162797874 0.01703257162797874
0 0.52734375 0.142578125 0.011801710033008403 0.011801710033008403
0 0.146484375 0.36328125 0.00469331501841746 0.00469331501841746
0 0.890625 0.60546875 0.00599583632205321 0.00599583632205321
0 0.818359375 0.37109375 0.011540492898352067 0.011540492898352067
0 0.548828125 0.130859375 0.007722834350979625 0.007722834350979625
0 0.373046875 0.513671875 0.01012927958704178 0.01012927958704178
0 0.595703125 0.029296875 0.009537528988423272 0.009537528988423272
