0 0.40625 0.31640625 0.0009713490213847809 0.0009713490213847809
0 0.482421875 0.599609375 0.017243344924003427 0.017243344924003427
0 0.693359375 0.5 0.011966680927237405 0.011966680927237405
0 0.7578125 0.203125 0.01917651460794282 0.01917651460794282
0 0.212890625 0.52734375 0.0019472061933044089 0.0019472061933044089
0 0.375 0.26171875 0.0016295546550657036 0.0016295546550657036
0 0.49609375 0.5625 0.019180028665287226 0.019180028665287226
0 0.0546875 0.599609375 0.01335360514409017 0.01335360514409017
0 0.619140625 0.669921875 0.014188752724856141 0.014188752724856141
0 0.228515625 0.583984375 0.012327981571732555 0.012327981571732555
0 0.771484375 0.763671875 0.0062686432150378625 0.0062686432150378625
0 0.8203125 0.91796875 0.007310633660419204 0.007310633660419204
0 0.27734375 0.384765625 0.0024144948908641343 0.0024144948908641343
0 0.0625 0.376953125 0.011892635007080024 0.011892635007080024
0 0.880859375 0.279296875 0.014141772006567604 0.014141772006567604
0 0.896484375 0.51171875 0.010226473837147594 0.010226473837147594
0 0.51171875 0.91015625 0.01375994032974512 0.01375994032974512
0 0.79296875 0.109375 0.0030101728586177023 0.0030101728586177023
0 0.12109375 0.82421875 0.017304437216038956 0.017304437216038956
0 0.4296875 0.619140625 0.016710374993797995 0.016710374993797995
