0 0.796875 0.45703125 0.016549169544735898 0.016549169544735898
0 0.2421875 0.17578125 0.018169636441283644 0.018169636441283644
0 0.560546875 0.78125 0.005660311510574417 0.005660311510574417
0 0.833984375 0.443359375 0.001019977937600858 0.001019977937600858
0 0.83984375 0.5 0.009734874103487268 0.009734874103487268
0 0.703125 0.365234375 0.011387498943492131 0.011387498943492131
0 0.591796875 0.69921875 0.008219260687220313 0.008219260687220313
0 0.3046875 0.6875 0.013423276794579926 0.013423276794579926
0 0.5546875 0.96875 0.0030019052453264007 0.0030019052453264007
0 0.4375 0.0078125 0.014729888547227326 0.014729888547227326
0 0.060546875 0.2890625 0.01734685371093255 0.01734685371093255
0 0.013671875 0.28515625 0.005660733965456067 0.005660733965456067
0 0.69140625 0.810546875 0.006045045762662778 0.006045045762662778
0 0.953125 0.03515625 0.013043184002582805 0.013043184002582805
0 0.74609375 0.212890625 0.016485230612722057 0.016485230612722057
0 0.17578125 0.20703125 0.014693227226863866 0.014693227226863866
0 0.7578125 0.37109375 0.01535893209968061 0.01535893209968061
0 0.162109375 0.638671875 0.010787835459115738 0.010787835459115738
0 0.265625 0.29296875 0.012020170343483662 0.012020170343483662
0 0.513671875 0.1796875 0.016632056635690395 0.016632056635690395
