0 0.849609375 0.494140625 0.008635000146117094 0.008635000146117094
0 0.857421875 0.560546875 0.011662009756840154 0.011662009756840154
0 0.87109375 0.275390625 0.016422346393796257 0.016422346393796257
0 0.591796875 0.4765625 0.015048146177321132 0.015048146177321132
0 0.216796875 0.064453125 0.0036997662279368787 0.0036997662279368787
0 0.41015625 0.880859375 0.006702746571102147 0.006702746571102147
0 0.875 0.412109375 0.001031321312234062 0.001031321312234062
0 0.53515625 0.21484375 0.011321448181796184 0.011321448181796184
0 0.86328125 0.92578125 0.005875969112098386 0.005875969112098386
0 0.447265625 0.890625 0.002433381679686937 0.002433381679686937
0 0.84375 0.5234375 0.005836347220552882 0.005836347220552882
0 0.580078125 0.166015625 0.008228129247642595 0.008228129247642595
0 0.513671875 0.9609375 0.0067060238486165245 0.0067060238486165245
0 0.34765625 0.208984375 0.01378158733244151 0.01378158733244151
0 0.3203125 0.95703125 0.019258325260890916 0.019258325260890916
0 0.322265625 0.83984375 0.00878042013865116 0.00878042013865116
0 0.1015625 0.923828125 0.007180823026593981 0.007180823026593981
0 0.0703125 0.94921875 0.005804284859377931 0.005804284859377931
0 0.306640625 0.5078125 0.011105462491464095 0.011105462491464095
0 0.0 0.322265625 0.011417984122589844 0.011417984122589844
