0 0.078125 0.560546875 0.012470729786906182 0.012470729786906182
0 0.845703125 0.81640625 0.008585256481103705 0.008585256481103705
0 0.1484375 0.537109375 0.015128756713850841 0.015128756713850841
0 0.076171875 0.390625 0.010669306794054043 0.010669306794054043
0 0.83203125 0.244140625 0.019272796297374963 0.019272796297374963
0 0.380859375 0.765625 0.00932328477354986 0.00932328477354986
0 0.119140625 0.166015625 0.005092612380052028 0.005092612380052028
0 0.390625 0.689453125 0.01926959303752294 0.01926959303752294
0 0.1171875 0.283203125 0.016804420014477992 0.016804420014477992
0 0.154296875 0.681640625 0.00394419225199311 0.00394419225199311
0 0.525390625 0.533203125 0.0034286385219573553 0.0034286385219573553
0 0.94140625 0.142578125 0.013079266426666666 0.013079266426666666
0 0.57421875 0.83984375 5.96618626988823e-05 5.96618626988823e-05
0 0.0 0.76953125 0.017820975205728253 0.017820975205728253
0 0.623046875 0.330078125 0.006679655749732397 0.006679655749732397
0 0.287109375 0.53125 0.01390660013943509 0.01390660013943509
0 0.16796875 0.4140625 0.013126688235672626 0.013126688235672626
0 0.361328125 0.74609375 0.015949041675768626 0.015949041675768626
0 0.10546875 0.337890625 0.019143091489899244 0.019143091489899244
0 0.017578125 0.150390625 0.01305121133048625 0.01305121133048625
