0 0.015625 0.916015625 0.012038931968982002 0.012038931968982002
0 0.150390625 0.736328125 0.007640702863050855 0.007640702863050855
0 0.6015625 0.546875 0.019414162577009224 0.019414162577009224
0 0.71875 0.3046875 0.017353377248319236 0.017353377248319236
0 0.30859375 0.248046875 0.009459433394517656 0.009459433394517656
0 0.275390625 0.365234375 0.0010459921723313483 0.0010459921723313483
0 0.412109375 0.33203125 0.015627633674466762 0.015627633674466762
0 0.525390625 0.833984375 0.016310499246552822 0.016310499246552822
0 0.744140625 0.6015625 0.015577096432662278 0.015577096432662278
0 0.791015625 0.787109375 0.005203726338554402 0.005203726338554402
0 0.00390625 0.904296875 0.0007380204836667631 0.0007380204836667631
0 0.8828125 0.427734375 0.009430577644388661 0.009430577644388661
0 0.220703125 0.962890625 0.01570994384596681 0.01570994384596681
0 0.865234375 0.802734375 0.006660751197951273 0.006660751197951273
0 0.416015625 0.595703125 0.0009468793433425166 0.0009468793433425166
0 0.017578125 0.767578125 0.019439940083076777 0.019439940083076777
0 0.478515625 0.7265625 0.014261341727624312 0.014261341727624312
0 0.609375 0.1328125 0.016423308417646967 0.016423308417646967
0 0.349609375 0.314453125 0.01666783901583564 0.01666783901583564
0 0.900390625 0.43359375 0.01451762382034502 0.01451762382034502
