0 0.482421875 0.013671875 0.012910130961806933 0.012910130961806933
0 0.87890625 0.091796875 0.01504540631047007 0.01504540631047007
0 0.81640625 0.5703125 0.015925099777825177 0.015925099777825177
0 0.96875 0.908203125 0.0016985091320823671 0.0016985091320823671
0 0.04296875 0.81640625 0.011675219306228012 0.011675219306228012
0 0.6171875 0.142578125 0.0055606852029330064 0.0055606852029330064
0 0.095703125 0.90234375 0.0029249371960264137 0.0029249371960264137
0 0.03515625 0.166015625 0.010200921881999316 0.010200921881999316
0 0.77734375 0.11328125 0.01415875852002256 0.01415875852002256
0 0.294921875 0.5859375 0.0014941037754278587 0.0014941037754278587
0 0.6953125 0.361328125 0.01865435341505427 0.01865435341505427
0 0.791015625 0.453125 0.010609922118831862 0.010609922118831862
0 0.326171875 0.712890625 0.0047796907957786666 0.0047796907957786666
0 0.025390625 0.90625 0.009535441089857767 0.009535441089857767
0 0.314453125 0.240234375 0.017175659017388045 0.017175659017388045
0 0.291015625 0.494140625 0.010520403439332388 0.010520403439332388
0 0.447265625 0.177734375 0.01245935583394564 0.01245935583394564
0 0.15234375 0.462890625 0.018977946871821774 0.018977946871821774
0 0.341796875 0.662109375 0.0032676187945320976 0.0032676187945320976
0 0.119140625 0.548828125 0.0030449968261293575 0.0030449968261293575
