0 0.7421875 0.724609375 0.009753209173891064 0.009753209173891064
0 0.109375 0.87890625 0.012509422525307647 0.012509422525307647
0 0.98046875 0.03515625 0.014542034280893826 0.014542034280893826
0 0.685546875 0.18359375 0.018315274882955854 0.018315274882955854
0 0.828125 0.013671875 0.0011959596299241293 0.0011959596299241293
0 0.146484375 0.21484375 0.0006199771807070798 0.0006199771807070798
0 0.73046875 0.728515625 0.015274177979815338 0.015274177979815338
0 0.822265625 0.2578125 0.005137412250234381 0.005137412250234381
0 0.791015625 0.041015625 0.01327382789273492 0.01327382789273492
0 0.81640625 0.751953125 0.01606535465310275 0.01606535465310275
0 0.423828125 0.3125 0.007664956816924539 0.007664956816924539
0 0.3828125 0.12890625 0.016523274414479327 0.016523274414479327
0 0.1640625 0.8359375 0.013557045974383716 0.013557045974383716
0 0.83984375 0.02734375 0.009112229682399218 0.009112229682399218
0 0.60546875 0.875 0.015749294761754767 0.015749294761754767
0 0.03515625 0.666015625 0.005930786037101556 0.005930786037101556
0 0.78125 0.9921875 0.017153443360857952 0.017153443360857952
0 0.560546875 0.75 0.010626127312428325 0.010626127312428325
0 0.025390625 0.30078125 0.006741557356203453 0.006741557356203453
0 0.25 0.625 0.001038815447025167 0.001038815447025167
