0 0.017578125 0.873046875 0.011525433314827516 0.011525433314827516
0 0.380859375 0.115234375 0.013585536724094903 0.013585536724094903
0 0.724609375 0.619140625 0.002059897832716725 0.002059897832716725
0 0.884765625 0.900390625 0.010006185090761135 0.010006185090761135
0 0.873046875 0.439453125 0.01845241860892368 0.01845241860892368
0 0.046875 0.564453125 0.010023091423277014 0.010023091423277014
0 0.6953125 0.697265625 0.019211734326028622 0.019211734326028622
0 0.51171875 0.572265625 0.017725340214911425 0.017725340214911425
0 0.3203125 0.3046875 0.004259202440334146 0.004259202440334146
0 0.0625 0.720703125 0.011503831137658628 0.011503831137658628
0 0.087890625 0.529296875 0.015047753822198418 0.015047753822198418
0 0.533203125 0.62109375 0.007779088775398568 0.007779088775398568
0 0.564453125 0.087890625 0.008677130958326444 0.008677130958326444
0 0.763671875 0.634765625 0.0001724306328183779 0.0001724306328183779
0 0.19921875 0.373046875 0.00731847215870437 0.00731847215870437
0 0.732421875 0.654296875 0.011586944577706083 0.011586944577706083
0 0.375 0.251953125 0.017576514111798263 0.017576514111798263
0 0.431640625 0.521484375 0.004193782343758508 0.004193782343758508
0 0.912109375 0.6015625 0.01659393715195321 0.01659393715195321
0 0.625 0.37890625 0.007034253779911735 0.007034253779911735
