0 0.134765625 0.529296875 0.009855829416630768 0.009855829416630768
0 0.2578125 0.990234375 0.01653311556429902 0.01653311556429902
0 0.8984375 0.59765625 0.014136957469722586 0.014136957469722586
0 0.904296875 0.875 0.0064435846741682425 0.0064435846741682425
0 0.123046875 0.73046875 9.860097412667333e-05 9.860097412667333e-05
0 0.771484375 0.376953125 0.018226984892086285 0.018226984892086285
0 0.021484375 0.044921875 0.014887736746266134 0.014887736746266134
0 0.4296875 0.626953125 0.018796129435557914 0.018796129435557914
0 0.900390625 0.7265625 0.014369765500917026 0.014369765500917026
0 0.279296875 0.4609375 0.013836159608642339 0.013836159608642339
0 0.0625 0.5625 0.0146330190128773 0.0146330190128773
0 0.0546875 0.60546875 0.01871382246022729 0.01871382246022729
0 0.234375 0.517578125 0.019433919730019057 0.019433919730019057
0 0.0390625 0.65625 0.0032896654539809798 0.0032896654539809798
0 0.638671875 0.412109375 0.010512805729645424 0.010512805729645424
0 0.064453125 0.33984375 0.00584964769164894 0.00584964769164894
0 0.2265625 0.4375 0.01739212470432077 0.01739212470432077
0 0.720703125 0.96875 0.012545867571474783 0.012545867571474783
0 0.798828125 0.75 0.007774351105726586 0.007774351105726586
0 0.2109375 0.69921875 0.002664467936510796 0.002664467936510796
