0 0.89453125 0.09375 0.0012240827312098054 0.0012240827312098054
0 0.833984375 0.138671875 0.012421102889178078 0.012421102889178078
0 0.017578125 0.748046875 0.009656500088221876 0.009656500088221876
0 0.044921875 0.8984375 0.013172003792121351 0.013172003792121351
0 0.220703125 0.826171875 0.01599664103035005 0.01599664103035005
0 0.58203125 0.58203125 0.009614345746007972 0.009614345746007972
0 0.28125 0.5078125 0.01675269939369935 0.01675269939369935
0 0.8203125 0.25390625 0.0035733648693819287 0.0035733648693819287
0 0.205078125 0.19140625 0.015386060803974092 0.015386060803974092
0 0.158203125 0.79296875 0.0015399538550137895 0.0015399538550137895
0 0.12109375 0.771484375 0.0032960010966144983 0.0032960010966144983
0 0.48828125 0.755859375 0.006285490426171368 0.006285490426171368
0 0.51953125 0.236328125 0.012506360646005925 0.012506360646005925
0 0.09375 0.62109375 0.01194710812013164 0.01194710812013164
0 0.33203125 0.791015625 0.016779060285680856 0.016779060285680856
0 0.203125 0.82421875 0.009010722022151297 0.009010722022151297
0 0.068359375 0.81640625 0.004720093034380488 0.004720093034380488
0 0.787109375 0.841796875 0.008128114264789982 0.008128114264789982
0 0.21484375 0.5546875 0.004906088385631866 0.004906088385631866
0 0.10546875 0.47265625 0.019357535909629582 0.019357535909629582
