0 0.173828125 0.173828125 0.0010466478862525405 0.0010466478862525405
0 0.2578125 0.43359375 0.0036091505748823494 0.0036091505748823494
0 0.6953125 0.439453125 0.008452475628511213 0.008452475628511213
0 0.359375 0.85546875 0.00040030163533599783 0.00040030163533599783
0 0.658203125 0.34375 0.0002864520351154604 0.0002864520351154604
0 0.009765625 0.462890625 0.002404494019465479 0.002404494019465479
0 0.888671875 0.39453125 0.011137001378138866 0.011137001378138866
0 0.00390625 0.642578125 0.01735991032756258 0.01735991032756258
0 0.685546875 0.55859375 0.006124827784711288 0.006124827784711288
0 0.01171875 0.0 0.017154604755452614 0.017154604755452614
0 0.095703125 0.001953125 0.01951574820745664 0.01951574820745664
0 0.669921875 0.498046875 0.006329790646943747 0.006329790646943747
0 0.013671875 0.248046875 0.007618564835852617 0.007618564835852617
0 0.099609375 0.06640625 0.003973075489601186 0.003973075489601186
0 0.177734375 0.943359375 0.0047999550557673454 0.0047999550557673454
0 0.966796875 0.90234375 0.004764670699964146 0.004764670699964146
0 0.126953125 0.443359375 0.016193260561223465 0.016193260561223465
0 0.259765625 0.041015625 0.0032350467474007963 0.0032350467474007963
0 0.349609375 0.91796875 0.01942320943983496 0.01942320943983496
0 0.453125 0.416015625 0.018921144670652746 0.018921144670652746
