0 0.26953125 0.0859375 0.0045892169061937885 0.0045892169061937885
0 0.78515625 0.7421875 0.002294053517029554 0.002294053517029554
0 0.650390625 0.849609375 0.01740040811525676 0.01740040811525676
0 0.5703125 0.59375 4.487121014134978e-05 4.487121014134978e-05
0 0.525390625 0.556640625 0.010480407630645545 0.010480407630645545
0 0.720703125 0.142578125 0.017600030306728975 0.017600030306728975
0 0.8671875 0.451171875 0.007937994331741515 0.007937994331741515
0 0.626953125 0.32421875 0.0037758874120676165 0.0037758874120676165
0 0.720703125 0.931640625 0.006387980446171931 0.006387980446171931
0 0.236328125 0.013671875 0.009225634072252896 0.009225634072252896
0 0.474609375 0.9140625 0.004845075346628931 0.004845075346628931
0 0.134765625 0.580078125 0.004773562448037855 0.004773562448037855
0 0.74609375 0.705078125 0.006755736239445857 0.006755736239445857
0 0.78125 0.255859375 0.011547899607266343 0.011547899607266343
0 0.09375 0.43359375 0.012191493924841009 0.012191493924841009
0 0.853515625 0.337890625 0.002339673290399412 0.002339673290399412
0 0.427734375 0.669921875 0.013672221154881398 0.013672221154881398
0 0.154296875 0.73828125 0.007462109188130053 0.007462109188130053
0 0.767578125 0.015625 0.014769860954571088 0.014769860954571088
0 0.59765625 0.876953125 0.006301192347511551 0.006301192347511551
